3.632909999999999938e-08
3.633058257968865831e-08
3.633206515937731724e-08
3.633354773906597617e-08
3.633503031875463510e-08
3.633651289844328742e-08
3.633799547813194635e-08
3.633947805782060528e-08
3.634096063750926421e-08
3.634244321719792314e-08
3.634392579688658207e-08
3.634540837657524100e-08
3.634689095626389993e-08
3.634837353595255887e-08
3.634985611564121780e-08
3.635133869532987011e-08
3.635282127501852904e-08
3.635430385470718797e-08
3.635578643439584690e-08
3.635726901408450583e-08
3.635875159377316477e-08
3.636023417346182370e-08
3.636171675315048263e-08
3.636319933283914156e-08
3.636468191252780049e-08
3.636616449221645280e-08
3.636764707190511173e-08
3.636912965159377067e-08
3.637061223128242960e-08
3.637209481097108853e-08
3.637357739065974746e-08
3.637505997034840639e-08
3.637654255003706532e-08
3.637802512972572425e-08
3.637950770941438318e-08
3.638099028910303550e-08
3.638247286879169443e-08
3.638395544848035336e-08
3.638543802816901229e-08
3.638692060785767122e-08
3.638840318754633015e-08
3.638988576723498908e-08
3.639136834692364801e-08
3.639285092661230695e-08
3.639433350630096588e-08
3.639581608598961819e-08
3.639729866567827712e-08
3.639878124536693605e-08
3.640026382505559498e-08
3.640174640474425391e-08
3.640322898443291285e-08
3.640471156412157178e-08
3.640619414381023071e-08
3.640767672349888964e-08
3.640915930318754857e-08
3.641064188287620088e-08
3.641212446256485981e-08
3.641360704225351875e-08
3.641508962194217768e-08
3.641657220163083661e-08
3.641805478131949554e-08
3.641953736100815447e-08
3.642101994069681340e-08
3.642250252038547233e-08
3.642398510007413126e-08
3.642546767976278358e-08
3.642695025945144251e-08
3.642843283914010144e-08
3.642991541882876037e-08
3.643139799851741930e-08
3.643288057820607823e-08
3.643436315789473716e-08
3.643584573758339609e-08
3.643732831727205503e-08
3.643881089696071396e-08
3.644029347664936627e-08
3.644177605633802520e-08
3.644325863602668413e-08
3.644474121571534306e-08
3.644622379540400199e-08
3.644770637509266093e-08
3.644918895478131986e-08
3.645067153446997879e-08
3.645215411415863772e-08
3.645363669384729665e-08
3.645511927353594896e-08
3.645660185322460789e-08
3.645808443291326683e-08
3.645956701260192576e-08
3.646104959229058469e-08
3.646253217197924362e-08
3.646401475166790255e-08
3.646549733135656148e-08
3.646697991104522041e-08
3.646846249073387934e-08
3.646994507042253166e-08
3.647142765011119059e-08
3.647291022979984952e-08
3.647439280948850845e-08
3.647587538917716738e-08
3.647735796886582631e-08
3.647884054855448524e-08
3.648032312824314417e-08
3.648180570793180311e-08
3.648328828762046204e-08
3.648477086730911435e-08
3.648625344699777328e-08
3.648773602668643221e-08
3.648921860637509114e-08
3.649070118606375007e-08
3.649218376575240901e-08
3.649366634544106794e-08
3.649514892512972687e-08
3.649663150481838580e-08
3.649811408450704473e-08
3.649959666419569704e-08
3.650107924388435598e-08
3.650256182357301491e-08
3.650404440326167384e-08
3.650552698295033277e-08
3.650700956263899170e-08
3.650849214232765063e-08
3.650997472201630956e-08
3.651145730170496849e-08
3.651293988139362081e-08
3.651442246108227974e-08
3.651590504077093867e-08
3.651738762045959760e-08
3.651887020014825653e-08
3.652035277983691546e-08
3.652183535952557439e-08
3.652331793921423332e-08
3.652480051890289225e-08
3.652628309859155119e-08
3.652776567828020350e-08
3.652924825796886243e-08
3.653073083765752136e-08
3.653221341734618029e-08
3.653369599703483922e-08
3.653517857672349816e-08
3.653666115641215709e-08
3.653814373610081602e-08
3.653962631578947495e-08
3.654110889547813388e-08
3.654259147516678619e-08
3.654407405485544512e-08
3.654555663454410406e-08
3.654703921423276299e-08
3.654852179392142192e-08
3.655000437361008085e-08
3.655148695329873978e-08
3.655296953298739871e-08
3.655445211267605764e-08
3.655593469236471657e-08
3.655741727205336889e-08
3.655889985174202782e-08
3.656038243143068675e-08
3.656186501111934568e-08
3.656334759080800461e-08
3.656483017049666354e-08
3.656631275018532247e-08
3.656779532987398140e-08
3.656927790956264034e-08
3.657076048925129927e-08
3.657224306893995158e-08
3.657372564862861051e-08
3.657520822831726944e-08
3.657669080800592837e-08
3.657817338769458730e-08
3.657965596738324624e-08
3.658113854707190517e-08
3.658262112676056410e-08
3.658410370644922303e-08
3.658558628613788196e-08
3.658706886582653427e-08
3.658855144551519320e-08
3.659003402520385214e-08
3.659151660489251107e-08
3.659299918458117000e-08
3.659448176426982893e-08
3.659596434395848786e-08
3.659744692364714679e-08
3.659892950333580572e-08
3.660041208302446465e-08
3.660189466271311697e-08
3.660337724240177590e-08
3.660485982209043483e-08
3.660634240177909376e-08
3.660782498146775269e-08
3.660930756115641162e-08
3.661079014084507055e-08
3.661227272053372948e-08
3.661375530022238842e-08
3.661523787991104735e-08
3.661672045959969966e-08
3.661820303928835859e-08
3.661968561897701752e-08
3.662116819866567645e-08
3.662265077835433538e-08
3.662413335804299432e-08
3.662561593773165325e-08
3.662709851742031218e-08
3.662858109710897111e-08
3.663006367679763004e-08
3.663154625648628235e-08
3.663302883617494128e-08
3.663451141586360022e-08
3.663599399555225915e-08
3.663747657524091808e-08
3.663895915492957701e-08
3.664044173461823594e-08
3.664192431430689487e-08
3.664340689399555380e-08
3.664488947368421273e-08
3.664637205337286505e-08
3.664785463306152398e-08
3.664933721275018291e-08
3.665081979243884184e-08
3.665230237212750077e-08
3.665378495181615970e-08
3.665526753150481863e-08
3.665675011119347756e-08
3.665823269088213650e-08
3.665971527057079543e-08
3.666119785025944774e-08
3.666268042994810667e-08
3.666416300963676560e-08
3.666564558932542453e-08
3.666712816901408346e-08
3.666861074870274240e-08
3.667009332839140133e-08
3.667157590808006026e-08
3.667305848776871919e-08
3.667454106745737812e-08
3.667602364714603043e-08
3.667750622683468936e-08
3.667898880652334830e-08
3.668047138621200723e-08
3.668195396590066616e-08
3.668343654558932509e-08
3.668491912527798402e-08
3.668640170496664295e-08
3.668788428465530188e-08
3.668936686434395420e-08
3.669084944403261313e-08
3.669233202372127206e-08
3.669381460340993099e-08
3.669529718309858992e-08
3.669677976278724885e-08
3.669826234247590778e-08
3.669974492216456671e-08
3.670122750185322564e-08
3.670271008154188458e-08
3.670419266123053689e-08
3.670567524091919582e-08
3.670715782060785475e-08
3.670864040029651368e-08
3.671012297998517261e-08
3.671160555967383154e-08
3.671308813936249048e-08
3.671457071905114941e-08
3.671605329873980834e-08
3.671753587842846727e-08
3.671901845811711958e-08
3.672050103780577851e-08
3.672198361749443744e-08
3.672346619718309638e-08
3.672494877687175531e-08
3.672643135656041424e-08
3.672791393624907317e-08
3.672939651593773210e-08
3.673087909562639103e-08
3.673236167531504996e-08
3.673384425500370228e-08
3.673532683469236121e-08
3.673680941438102014e-08
3.673829199406967907e-08
3.673977457375833800e-08
3.674125715344699693e-08
3.674273973313565586e-08
3.674422231282431479e-08
3.674570489251297372e-08
3.674718747220163266e-08
3.674867005189028497e-08
3.675015263157894390e-08
3.675163521126760283e-08
3.675311779095626176e-08
3.675460037064492069e-08
3.675608295033357962e-08
3.675756553002223856e-08
3.675904810971089749e-08
3.676053068939955642e-08
3.676201326908821535e-08
3.676349584877686766e-08
3.676497842846552659e-08
3.676646100815418552e-08
3.676794358784284446e-08
3.676942616753150339e-08
3.677090874722016232e-08
3.677239132690882125e-08
3.677387390659748018e-08
3.677535648628613911e-08
3.677683906597479804e-08
3.677832164566345036e-08
3.677980422535210929e-08
3.678128680504076822e-08
3.678276938472942715e-08
3.678425196441808608e-08
3.678573454410674501e-08
3.678721712379540394e-08
3.678869970348406287e-08
3.679018228317272180e-08
3.679166486286138074e-08
3.679314744255003305e-08
3.679463002223869198e-08
3.679611260192735091e-08
3.679759518161600984e-08
3.679907776130466877e-08
3.680056034099332770e-08
3.680204292068198664e-08
3.680352550037064557e-08
3.680500808005930450e-08
3.680649065974796343e-08
3.680797323943661574e-08
3.680945581912527467e-08
3.681093839881393360e-08
3.681242097850259254e-08
3.681390355819125147e-08
3.681538613787991040e-08
3.681686871756856933e-08
3.681835129725722826e-08
3.681983387694588719e-08
3.682131645663454612e-08
3.682279903632319844e-08
3.682428161601185737e-08
3.682576419570051630e-08
3.682724677538917523e-08
3.682872935507783416e-08
3.683021193476649309e-08
3.683169451445515202e-08
3.683317709414381095e-08
3.683465967383246988e-08
3.683614225352112882e-08
3.683762483320978113e-08
3.683910741289844006e-08
3.684058999258709899e-08
3.684207257227575792e-08
3.684355515196441685e-08
3.684503773165307578e-08
3.684652031134173472e-08
3.684800289103039365e-08
3.684948547071905258e-08
3.685096805040770489e-08
3.685245063009636382e-08
3.685393320978502275e-08
3.685541578947368168e-08
3.685689836916234062e-08
3.685838094885099955e-08
3.685986352853965848e-08
3.686134610822831741e-08
3.686282868791697634e-08
3.686431126760563527e-08
3.686579384729429420e-08
3.686727642698294652e-08
3.686875900667160545e-08
3.687024158636026438e-08
3.687172416604892331e-08
3.687320674573758224e-08
3.687468932542624117e-08
3.687617190511490010e-08
3.687765448480355903e-08
3.687913706449221796e-08
3.688061964418087028e-08
3.688210222386952921e-08
3.688358480355818814e-08
3.688506738324684707e-08
3.688654996293550600e-08
3.688803254262416493e-08
3.688951512231282386e-08
3.689099770200148280e-08
3.689248028169014173e-08
3.689396286137880066e-08
3.689544544106745297e-08
3.689692802075611190e-08
3.689841060044477083e-08
3.689989318013342977e-08
3.690137575982208870e-08
3.690285833951074763e-08
3.690434091919940656e-08
3.690582349888806549e-08
3.690730607857672442e-08
3.690878865826538335e-08
3.691027123795403567e-08
3.691175381764269460e-08
3.691323639733135353e-08
3.691471897702001246e-08
3.691620155670867139e-08
3.691768413639733032e-08
3.691916671608598925e-08
3.692064929577464818e-08
3.692213187546330711e-08
3.692361445515196604e-08
3.692509703484061836e-08
3.692657961452927729e-08
3.692806219421793622e-08
3.692954477390659515e-08
3.693102735359525408e-08
3.693250993328391301e-08
3.693399251297257195e-08
3.693547509266123088e-08
3.693695767234988981e-08
3.693844025203854874e-08
3.693992283172720105e-08
3.694140541141585998e-08
3.694288799110451891e-08
3.694437057079317785e-08
3.694585315048183678e-08
3.694733573017049571e-08
3.694881830985915464e-08
3.695030088954781357e-08
3.695178346923647250e-08
3.695326604892513143e-08
3.695474862861378375e-08
3.695623120830244268e-08
3.695771378799110161e-08
3.695919636767976054e-08
3.696067894736841947e-08
3.696216152705707840e-08
3.696364410674573733e-08
3.696512668643439626e-08
3.696660926612305519e-08
3.696809184581171412e-08
3.696957442550036644e-08
3.697105700518902537e-08
3.697253958487768430e-08
3.697402216456634323e-08
3.697550474425500216e-08
3.697698732394366109e-08
3.697846990363232003e-08
3.697995248332097896e-08
3.698143506300963789e-08
3.698291764269829682e-08
3.698440022238694913e-08
3.698588280207560806e-08
3.698736538176426699e-08
3.698884796145292593e-08
3.699033054114158486e-08
3.699181312083024379e-08
3.699329570051890272e-08
3.699477828020756165e-08
3.699626085989622058e-08
3.699774343958487951e-08
3.699922601927353183e-08
3.700070859896219076e-08
3.700219117865084969e-08
3.700367375833950862e-08
3.700515633802816755e-08
3.700663891771682648e-08
3.700812149740548541e-08
3.700960407709414434e-08
3.701108665678280327e-08
3.701256923647146221e-08
3.701405181616011452e-08
3.701553439584877345e-08
3.701701697553743238e-08
3.701849955522609131e-08
3.701998213491475024e-08
3.702146471460340917e-08
3.702294729429206811e-08
3.702442987398072704e-08
3.702591245366938597e-08
3.702739503335804490e-08
3.702887761304669721e-08
3.703036019273535614e-08
3.703184277242401507e-08
3.703332535211267401e-08
3.703480793180133294e-08
3.703629051148999187e-08
3.703777309117865080e-08
3.703925567086730973e-08
3.704073825055596866e-08
3.704222083024462097e-08
3.704370340993327991e-08
3.704518598962193884e-08
3.704666856931059777e-08
3.704815114899925670e-08
3.704963372868791563e-08
3.705111630837657456e-08
3.705259888806523349e-08
3.705408146775389242e-08
3.705556404744255135e-08
3.705704662713121029e-08
3.705852920681986260e-08
3.706001178650852153e-08
3.706149436619718046e-08
3.706297694588583939e-08
3.706445952557449832e-08
3.706594210526315725e-08
3.706742468495181619e-08
3.706890726464047512e-08
3.707038984432913405e-08
3.707187242401778636e-08
3.707335500370644529e-08
3.707483758339510422e-08
3.707632016308376315e-08
3.707780274277242209e-08
3.707928532246108102e-08
3.708076790214973995e-08
3.708225048183839888e-08
3.708373306152705781e-08
3.708521564121571674e-08
3.708669822090436905e-08
3.708818080059302799e-08
3.708966338028168692e-08
3.709114595997034585e-08
3.709262853965900478e-08
3.709411111934766371e-08
3.709559369903632264e-08
3.709707627872498157e-08
3.709855885841364050e-08
3.710004143810229943e-08
3.710152401779095175e-08
3.710300659747961068e-08
3.710448917716826961e-08
3.710597175685692854e-08
3.710745433654558747e-08
3.710893691623424640e-08
3.711041949592290533e-08
3.711190207561156427e-08
3.711338465530022320e-08
3.711486723498888213e-08
3.711634981467753444e-08
3.711783239436619337e-08
3.711931497405485230e-08
3.712079755374351123e-08
3.712228013343217017e-08
3.712376271312082910e-08
3.712524529280948803e-08
3.712672787249814696e-08
3.712821045218680589e-08
3.712969303187546482e-08
3.713117561156411713e-08
3.713265819125277607e-08
3.713414077094143500e-08
3.713562335063009393e-08
3.713710593031875286e-08
3.713858851000741179e-08
3.714007108969607072e-08
3.714155366938472965e-08
3.714303624907338858e-08
3.714451882876204751e-08
3.714600140845069983e-08
3.714748398813935876e-08
3.714896656782801769e-08
3.715044914751667662e-08
3.715193172720533555e-08
3.715341430689399448e-08
3.715489688658265341e-08
3.715637946627131235e-08
3.715786204595997128e-08
3.715934462564863021e-08
3.716082720533728252e-08
3.716230978502594145e-08
3.716379236471460038e-08
3.716527494440325931e-08
3.716675752409191825e-08
3.716824010378057718e-08
3.716972268346923611e-08
3.717120526315789504e-08
3.717268784284655397e-08
3.717417042253521290e-08
3.717565300222386521e-08
3.717713558191252415e-08
3.717861816160118308e-08
3.718010074128984201e-08
3.718158332097850094e-08
3.718306590066715987e-08
3.718454848035581880e-08
3.718603106004447773e-08
3.718751363973313666e-08
3.718899621942179559e-08
3.719047879911044791e-08
3.719196137879910684e-08
3.719344395848776577e-08
3.719492653817642470e-08
3.719640911786508363e-08
3.719789169755374256e-08
3.719937427724240149e-08
3.720085685693106043e-08
3.720233943661971936e-08
3.720382201630837829e-08
3.720530459599703060e-08
3.720678717568568953e-08
3.720826975537434846e-08
3.720975233506300739e-08
3.721123491475166633e-08
3.721271749444032526e-08
3.721420007412898419e-08
3.721568265381764312e-08
3.721716523350630205e-08
3.721864781319496098e-08
3.722013039288361329e-08
3.722161297257227223e-08
3.722309555226093116e-08
3.722457813194959009e-08
3.722606071163824902e-08
3.722754329132690795e-08
3.722902587101556688e-08
3.723050845070422581e-08
3.723199103039288474e-08
3.723347361008153706e-08
3.723495618977019599e-08
3.723643876945885492e-08
3.723792134914751385e-08
3.723940392883617278e-08
3.724088650852483171e-08
3.724236908821349064e-08
3.724385166790214957e-08
3.724533424759080851e-08
3.724681682727946744e-08
3.724829940696811975e-08
3.724978198665677868e-08
3.725126456634543761e-08
3.725274714603409654e-08
3.725422972572275547e-08
3.725571230541141441e-08
3.725719488510007334e-08
3.725867746478873227e-08
3.726016004447739120e-08
3.726164262416605013e-08
3.726312520385470244e-08
3.726460778354336137e-08
3.726609036323202031e-08
3.726757294292067924e-08
3.726905552260933817e-08
3.727053810229799710e-08
3.727202068198665603e-08
3.727350326167531496e-08
3.727498584136397389e-08
3.727646842105263282e-08
3.727795100074128514e-08
3.727943358042994407e-08
3.728091616011860300e-08
3.728239873980726193e-08
3.728388131949592086e-08
3.728536389918457979e-08
3.728684647887323872e-08
3.728832905856189765e-08
3.728981163825055659e-08
3.729129421793921552e-08
3.729277679762786783e-08
3.729425937731652676e-08
3.729574195700518569e-08
3.729722453669384462e-08
3.729870711638250355e-08
3.730018969607116249e-08
3.730167227575982142e-08
3.730315485544848035e-08
3.730463743513713928e-08
3.730612001482579821e-08
3.730760259451445052e-08
3.730908517420310946e-08
3.731056775389176839e-08
3.731205033358042732e-08
3.731353291326908625e-08
3.731501549295774518e-08
3.731649807264640411e-08
3.731798065233506304e-08
3.731946323202372197e-08
3.732094581171238090e-08
3.732242839140103322e-08
3.732391097108969215e-08
3.732539355077835108e-08
3.732687613046701001e-08
3.732835871015566894e-08
3.732984128984432787e-08
3.733132386953298680e-08
3.733280644922164573e-08
3.733428902891030467e-08
3.733577160859896360e-08
3.733725418828761591e-08
3.733873676797627484e-08
3.734021934766493377e-08
3.734170192735359270e-08
3.734318450704225164e-08
3.734466708673091057e-08
3.734614966641956950e-08
3.734763224610822843e-08
3.734911482579688736e-08
3.735059740548554629e-08
3.735207998517419860e-08
3.735356256486285754e-08
3.735504514455151647e-08
3.735652772424017540e-08
3.735801030392883433e-08
3.735949288361749326e-08
3.736097546330615219e-08
3.736245804299481112e-08
3.736394062268347005e-08
3.736542320237212898e-08
3.736690578206078130e-08
3.736838836174944023e-08
3.736987094143809916e-08
3.737135352112675809e-08
3.737283610081541702e-08
3.737431868050407595e-08
3.737580126019273488e-08
3.737728383988139382e-08
3.737876641957005275e-08
3.738024899925871168e-08
3.738173157894736399e-08
3.738321415863602292e-08
3.738469673832468185e-08
3.738617931801334078e-08
3.738766189770199972e-08
3.738914447739065865e-08
3.739062705707931758e-08
3.739210963676797651e-08
3.739359221645663544e-08
3.739507479614528775e-08
3.739655737583394668e-08
3.739803995552260562e-08
3.739952253521126455e-08
3.740100511489992348e-08
3.740248769458858241e-08
3.740397027427724134e-08
3.740545285396590027e-08
3.740693543365455920e-08
3.740841801334321813e-08
3.740990059303187706e-08
3.741138317272052938e-08
3.741286575240918831e-08
3.741434833209784724e-08
3.741583091178650617e-08
3.741731349147516510e-08
3.741879607116382403e-08
3.742027865085248296e-08
3.742176123054114190e-08
3.742324381022980083e-08
3.742472638991845314e-08
3.742620896960711207e-08
3.742769154929577100e-08
3.742917412898442993e-08
3.743065670867308886e-08
3.743213928836174780e-08
3.743362186805040673e-08
3.743510444773906566e-08
3.743658702742772459e-08
3.743806960711638352e-08
3.743955218680503583e-08
3.744103476649369476e-08
3.744251734618235370e-08
3.744399992587101263e-08
3.744548250555967156e-08
3.744696508524833049e-08
3.744844766493698942e-08
3.744993024462564835e-08
3.745141282431430728e-08
3.745289540400296621e-08
3.745437798369161853e-08
3.745586056338027746e-08
3.745734314306893639e-08
3.745882572275759532e-08
3.746030830244625425e-08
3.746179088213491318e-08
3.746327346182357211e-08
3.746475604151223104e-08
3.746623862120088998e-08
3.746772120088954891e-08
3.746920378057820122e-08
3.747068636026686015e-08
3.747216893995551908e-08
3.747365151964417801e-08
3.747513409933283694e-08
3.747661667902149588e-08
3.747809925871015481e-08
3.747958183839881374e-08
3.748106441808747267e-08
3.748254699777613160e-08
3.748402957746478391e-08
3.748551215715344284e-08
3.748699473684210178e-08
3.748847731653076071e-08
3.748995989621941964e-08
3.749144247590807857e-08
3.749292505559673750e-08
3.749440763528539643e-08
3.749589021497405536e-08
3.749737279466271429e-08
3.749885537435136661e-08
3.750033795404002554e-08
3.750182053372868447e-08
3.750330311341734340e-08
3.750478569310600233e-08
3.750626827279466126e-08
3.750775085248332019e-08
3.750923343217197912e-08
3.751071601186063806e-08
3.751219859154929699e-08
3.751368117123794930e-08
3.751516375092660823e-08
3.751664633061526716e-08
3.751812891030392609e-08
3.751961148999258502e-08
3.752109406968124396e-08
3.752257664936990289e-08
3.752405922905856182e-08
3.752554180874722075e-08
3.752702438843587968e-08
3.752850696812453199e-08
3.752998954781319092e-08
3.753147212750184986e-08
3.753295470719050879e-08
3.753443728687916772e-08
3.753591986656782665e-08
3.753740244625648558e-08
3.753888502594514451e-08
3.754036760563380344e-08
3.754185018532246237e-08
3.754333276501111469e-08
3.754481534469977362e-08
3.754629792438843255e-08
3.754778050407709148e-08
3.754926308376575041e-08
3.755074566345440934e-08
3.755222824314306827e-08
3.755371082283172720e-08
3.755519340252038614e-08
3.755667598220903845e-08
3.755815856189769738e-08
3.755964114158635631e-08
3.756112372127501524e-08
3.756260630096367417e-08
3.756408888065233310e-08
3.756557146034099204e-08
3.756705404002965097e-08
3.756853661971830990e-08
3.757001919940696883e-08
3.757150177909562776e-08
3.757298435878428007e-08
3.757446693847293900e-08
3.757594951816159794e-08
3.757743209785025687e-08
3.757891467753891580e-08
3.758039725722757473e-08
3.758187983691623366e-08
3.758336241660489259e-08
3.758484499629355152e-08
3.758632757598220384e-08
3.758781015567086277e-08
3.758929273535952170e-08
3.759077531504818063e-08
3.759225789473683956e-08
3.759374047442549849e-08
3.759522305411415742e-08
3.759670563380281635e-08
3.759818821349147528e-08
3.759967079318013422e-08
3.760115337286879315e-08
3.760263595255744546e-08
3.760411853224610439e-08
3.760560111193476332e-08
3.760708369162342225e-08
3.760856627131208118e-08
3.761004885100074012e-08
3.761153143068939905e-08
3.761301401037805798e-08
3.761449659006671691e-08
3.761597916975536922e-08
3.761746174944402815e-08
3.761894432913268708e-08
3.762042690882134602e-08
3.762190948851000495e-08
3.762339206819866388e-08
3.762487464788732281e-08
3.762635722757598174e-08
3.762783980726464067e-08
3.762932238695329960e-08
3.763080496664195192e-08
3.763228754633061085e-08
3.763377012601926978e-08
3.763525270570792871e-08
3.763673528539658764e-08
3.763821786508524657e-08
3.763970044477390550e-08
3.764118302446256443e-08
3.764266560415122336e-08
3.764414818383988230e-08
3.764563076352853461e-08
3.764711334321719354e-08
3.764859592290585247e-08
3.765007850259451140e-08
3.765156108228317033e-08
3.765304366197182926e-08
3.765452624166048820e-08
3.765600882134914713e-08
3.765749140103780606e-08
3.765897398072646499e-08
3.766045656041511730e-08
3.766193914010377623e-08
3.766342171979243516e-08
3.766490429948109410e-08
3.766638687916975303e-08
3.766786945885841196e-08
3.766935203854707089e-08
3.767083461823572982e-08
3.767231719792438875e-08
3.767379977761304768e-08
3.767528235730170000e-08
3.767676493699035893e-08
3.767824751667901786e-08
3.767973009636767679e-08
3.768121267605633572e-08
3.768269525574499465e-08
3.768417783543365358e-08
3.768566041512231251e-08
3.768714299481097144e-08
3.768862557449963038e-08
3.769010815418828269e-08
3.769159073387694162e-08
3.769307331356560055e-08
3.769455589325425948e-08
3.769603847294291841e-08
3.769752105263157734e-08
3.769900363232023628e-08
3.770048621200889521e-08
3.770196879169755414e-08
3.770345137138621307e-08
3.770493395107486538e-08
3.770641653076352431e-08
3.770789911045218325e-08
3.770938169014084218e-08
3.771086426982950111e-08
3.771234684951816004e-08
3.771382942920681897e-08
3.771531200889547790e-08
3.771679458858413683e-08
3.771827716827279576e-08
3.771975974796144808e-08
3.772124232765010701e-08
3.772272490733876594e-08
3.772420748702742487e-08
3.772569006671608380e-08
3.772717264640474273e-08
3.772865522609340166e-08
3.773013780578206059e-08
3.773162038547071952e-08
3.773310296515937846e-08
3.773458554484803077e-08
3.773606812453668970e-08
3.773755070422534863e-08
3.773903328391400756e-08
3.774051586360266649e-08
3.774199844329132543e-08
3.774348102297998436e-08
3.774496360266864329e-08
3.774644618235730222e-08
3.774792876204595453e-08
3.774941134173461346e-08
3.775089392142327239e-08
3.775237650111193133e-08
3.775385908080059026e-08
3.775534166048924919e-08
3.775682424017790812e-08
3.775830681986656705e-08
3.775978939955522598e-08
3.776127197924388491e-08
3.776275455893254384e-08
3.776423713862119616e-08
3.776571971830985509e-08
3.776720229799851402e-08
3.776868487768717295e-08
3.777016745737583188e-08
3.777165003706449081e-08
3.777313261675314974e-08
3.777461519644180867e-08
3.777609777613046761e-08
3.777758035581911992e-08
3.777906293550777885e-08
3.778054551519643778e-08
3.778202809488509671e-08
3.778351067457375564e-08
3.778499325426241457e-08
3.778647583395107351e-08
3.778795841363973244e-08
3.778944099332839137e-08
3.779092357301705030e-08
3.779240615270570261e-08
3.779388873239436154e-08
3.779537131208302047e-08
3.779685389177167941e-08
3.779833647146033834e-08
3.779981905114899727e-08
3.780130163083765620e-08
3.780278421052631513e-08
3.780426679021497406e-08
3.780574936990363299e-08
3.780723194959228531e-08
3.780871452928094424e-08
3.781019710896960317e-08
3.781167968865826210e-08
3.781316226834692103e-08
3.781464484803557996e-08
3.781612742772423889e-08
3.781761000741289782e-08
3.781909258710155675e-08
3.782057516679021569e-08
3.782205774647886800e-08
3.782354032616752693e-08
3.782502290585618586e-08
3.782650548554484479e-08
3.782798806523350372e-08
3.782947064492216265e-08
3.783095322461082159e-08
3.783243580429948052e-08
3.783391838398813945e-08
3.783540096367679838e-08
3.783688354336545069e-08
3.783836612305410962e-08
3.783984870274276855e-08
3.784133128243142749e-08
3.784281386212008642e-08
3.784429644180874535e-08
3.784577902149740428e-08
3.784726160118606321e-08
3.784874418087472214e-08
3.785022676056338107e-08
3.785170934025203339e-08
3.785319191994069232e-08
3.785467449962935125e-08
3.785615707931801018e-08
3.785763965900666911e-08
3.785912223869532804e-08
3.786060481838398697e-08
3.786208739807264590e-08
3.786356997776130483e-08
3.786505255744996377e-08
3.786653513713861608e-08
3.786801771682727501e-08
3.786950029651593394e-08
3.787098287620459287e-08
3.787246545589325180e-08
3.787394803558191073e-08
3.787543061527056967e-08
3.787691319495922860e-08
3.787839577464788753e-08
3.787987835433654646e-08
3.788136093402519877e-08
3.788284351371385770e-08
3.788432609340251663e-08
3.788580867309117557e-08
3.788729125277983450e-08
3.788877383246849343e-08
3.789025641215715236e-08
3.789173899184581129e-08
3.789322157153447022e-08
3.789470415122312915e-08
3.789618673091178147e-08
3.789766931060044040e-08
3.789915189028909933e-08
3.790063446997775826e-08
3.790211704966641719e-08
3.790359962935507612e-08
3.790508220904373505e-08
3.790656478873239398e-08
3.790804736842105291e-08
3.790952994810970523e-08
3.791101252779836416e-08
3.791249510748702309e-08
3.791397768717568202e-08
3.791546026686434095e-08
3.791694284655299988e-08
3.791842542624165881e-08
3.791990800593031775e-08
3.792139058561897668e-08
3.792287316530763561e-08
3.792435574499629454e-08
3.792583832468494685e-08
3.792732090437360578e-08
3.792880348406226471e-08
3.793028606375092365e-08
3.793176864343958258e-08
3.793325122312824151e-08
3.793473380281690044e-08
3.793621638250555937e-08
3.793769896219421830e-08
3.793918154188287061e-08
3.794066412157152955e-08
3.794214670126018848e-08
3.794362928094884741e-08
3.794511186063750634e-08
3.794659444032616527e-08
3.794807702001482420e-08
3.794955959970348313e-08
3.795104217939214206e-08
3.795252475908080099e-08
3.795400733876945993e-08
3.795548991845811224e-08
3.795697249814677117e-08
3.795845507783543010e-08
3.795993765752408903e-08
3.796142023721274796e-08
3.796290281690140689e-08
3.796438539659006583e-08
3.796586797627872476e-08
3.796735055596738369e-08
3.796883313565603600e-08
3.797031571534469493e-08
3.797179829503335386e-08
3.797328087472201279e-08
3.797476345441067173e-08
3.797624603409933066e-08
3.797772861378798959e-08
3.797921119347664852e-08
3.798069377316530745e-08
3.798217635285396638e-08
3.798365893254261869e-08
3.798514151223127763e-08
3.798662409191993656e-08
3.798810667160859549e-08
3.798958925129725442e-08
3.799107183098591335e-08
3.799255441067457228e-08
3.799403699036323121e-08
3.799551957005189014e-08
3.799700214974054907e-08
3.799848472942920139e-08
3.799996730911786032e-08
3.800144988880651925e-08
3.800293246849517818e-08
3.800441504818383711e-08
3.800589762787249604e-08
3.800738020756115497e-08
3.800886278724981391e-08
3.801034536693847284e-08
3.801182794662713177e-08
3.801331052631578408e-08
3.801479310600444301e-08
3.801627568569310194e-08
3.801775826538176087e-08
3.801924084507041981e-08
3.802072342475907874e-08
3.802220600444773767e-08
3.802368858413639660e-08
3.802517116382505553e-08
3.802665374351371446e-08
3.802813632320236677e-08
3.802961890289102571e-08
3.803110148257968464e-08
3.803258406226834357e-08
3.803406664195700250e-08
3.803554922164566143e-08
3.803703180133432036e-08
3.803851438102297929e-08
3.803999696071163822e-08
3.804147954040029715e-08
3.804296212008894947e-08
3.804444469977760840e-08
3.804592727946626733e-08
3.804740985915492626e-08
3.804889243884358519e-08
3.805037501853224412e-08
3.805185759822090305e-08
3.805334017790956199e-08
3.805482275759822092e-08
3.805630533728687985e-08
3.805778791697553216e-08
3.805927049666419109e-08
3.806075307635285002e-08
3.806223565604150895e-08
3.806371823573016789e-08
3.806520081541882682e-08
3.806668339510748575e-08
3.806816597479614468e-08
3.806964855448480361e-08
3.807113113417346254e-08
3.807261371386211485e-08
3.807409629355077379e-08
3.807557887323943272e-08
3.807706145292809165e-08
3.807854403261675058e-08
3.808002661230540951e-08
3.808150919199406844e-08
3.808299177168272737e-08
3.808447435137138630e-08
3.808595693106004523e-08
3.808743951074869755e-08
3.808892209043735648e-08
3.809040467012601541e-08
3.809188724981467434e-08
3.809336982950333327e-08
3.809485240919199220e-08
3.809633498888065113e-08
3.809781756856931007e-08
3.809930014825796900e-08
3.810078272794662131e-08
3.810226530763528024e-08
3.810374788732393917e-08
3.810523046701259810e-08
3.810671304670125703e-08
3.810819562638991597e-08
3.810967820607857490e-08
3.811116078576723383e-08
3.811264336545589276e-08
3.811412594514455169e-08
3.811560852483321062e-08
3.811709110452186294e-08
3.811857368421052187e-08
3.812005626389918080e-08
3.812153884358783973e-08
3.812302142327649866e-08
3.812450400296515759e-08
3.812598658265381652e-08
3.812746916234247545e-08
3.812895174203113438e-08
3.813043432171978670e-08
3.813191690140844563e-08
3.813339948109710456e-08
3.813488206078576349e-08
3.813636464047442242e-08
3.813784722016308135e-08
3.813932979985174028e-08
3.814081237954039921e-08
3.814229495922905815e-08
3.814377753891771708e-08
3.814526011860636939e-08
3.814674269829502832e-08
3.814822527798368725e-08
3.814970785767234618e-08
3.815119043736100512e-08
3.815267301704966405e-08
3.815415559673832298e-08
3.815563817642698191e-08
3.815712075611564084e-08
3.815860333580429977e-08
3.816008591549295208e-08
3.816156849518161102e-08
3.816305107487026995e-08
3.816453365455892888e-08
3.816601623424758781e-08
3.816749881393624674e-08
3.816898139362490567e-08
3.817046397331356460e-08
3.817194655300222353e-08
3.817342913269088246e-08
3.817491171237953478e-08
3.817639429206819371e-08
3.817787687175685264e-08
3.817935945144551157e-08
3.818084203113417050e-08
3.818232461082282943e-08
3.818380719051148836e-08
3.818528977020014730e-08
3.818677234988880623e-08
3.818825492957746516e-08
3.818973750926611747e-08
3.819122008895477640e-08
3.819270266864343533e-08
3.819418524833209426e-08
3.819566782802075320e-08
3.819715040770941213e-08
3.819863298739807106e-08
3.820011556708672999e-08
3.820159814677538892e-08
3.820308072646404785e-08
3.820456330615270016e-08
3.820604588584135910e-08
3.820752846553001803e-08
3.820901104521867696e-08
3.821049362490733589e-08
3.821197620459599482e-08
3.821345878428465375e-08
3.821494136397331268e-08
3.821642394366197161e-08
3.821790652335063054e-08
3.821938910303928286e-08
3.822087168272794179e-08
3.822235426241660072e-08
3.822383684210525965e-08
3.822531942179391858e-08
3.822680200148257751e-08
3.822828458117123644e-08
3.822976716085989538e-08
3.823124974054855431e-08
3.823273232023721324e-08
3.823421489992586555e-08
3.823569747961452448e-08
3.823718005930318341e-08
3.823866263899184234e-08
3.824014521868050128e-08
3.824162779836916021e-08
3.824311037805781914e-08
3.824459295774647807e-08
3.824607553743513700e-08
3.824755811712379593e-08
3.824904069681244824e-08
3.825052327650110718e-08
3.825200585618976611e-08
3.825348843587842504e-08
3.825497101556708397e-08
3.825645359525574290e-08
3.825793617494440183e-08
3.825941875463306076e-08
3.826090133432171969e-08
3.826238391401037201e-08
3.826386649369903094e-08
3.826534907338768987e-08
3.826683165307634880e-08
3.826831423276500773e-08
3.826979681245366666e-08
3.827127939214232559e-08
3.827276197183098452e-08
3.827424455151964346e-08
3.827572713120830239e-08
3.827720971089696132e-08
3.827869229058561363e-08
3.828017487027427256e-08
3.828165744996293149e-08
3.828314002965159042e-08
3.828462260934024936e-08
3.828610518902890829e-08
3.828758776871756722e-08
3.828907034840622615e-08
3.829055292809488508e-08
3.829203550778353739e-08
3.829351808747219632e-08
3.829500066716085526e-08
3.829648324684951419e-08
3.829796582653817312e-08
3.829944840622683205e-08
3.830093098591549098e-08
3.830241356560414991e-08
3.830389614529280884e-08
3.830537872498146777e-08
3.830686130467012670e-08
3.830834388435877902e-08
3.830982646404743795e-08
3.831130904373609688e-08
3.831279162342475581e-08
3.831427420311341474e-08
3.831575678280207367e-08
3.831723936249073260e-08
3.831872194217939154e-08
3.832020452186805047e-08
3.832168710155670278e-08
3.832316968124536171e-08
3.832465226093402064e-08
3.832613484062267957e-08
3.832761742031133850e-08
3.832909999999999744e-08
