4.058500000000000244e-08
4.058648257968866137e-08
4.058796515937732030e-08
4.058944773906597923e-08
4.059093031875463816e-08
4.059241289844329047e-08
4.059389547813194940e-08
4.059537805782060834e-08
4.059686063750926727e-08
4.059834321719792620e-08
4.059982579688658513e-08
4.060130837657524406e-08
4.060279095626390299e-08
4.060427353595256192e-08
4.060575611564122085e-08
4.060723869532987317e-08
4.060872127501853210e-08
4.061020385470719103e-08
4.061168643439584996e-08
4.061316901408450889e-08
4.061465159377316782e-08
4.061613417346182675e-08
4.061761675315048568e-08
4.061909933283914462e-08
4.062058191252780355e-08
4.062206449221645586e-08
4.062354707190511479e-08
4.062502965159377372e-08
4.062651223128243265e-08
4.062799481097109158e-08
4.062947739065975052e-08
4.063095997034840945e-08
4.063244255003706838e-08
4.063392512972572731e-08
4.063540770941438624e-08
4.063689028910303855e-08
4.063837286879169748e-08
4.063985544848035642e-08
4.064133802816901535e-08
4.064282060785767428e-08
4.064430318754633321e-08
4.064578576723499214e-08
4.064726834692365107e-08
4.064875092661231000e-08
4.065023350630096893e-08
4.065171608598962125e-08
4.065319866567828018e-08
4.065468124536693911e-08
4.065616382505559804e-08
4.065764640474425697e-08
4.065912898443291590e-08
4.066061156412157483e-08
4.066209414381023376e-08
4.066357672349889270e-08
4.066505930318755163e-08
4.066654188287620394e-08
4.066802446256486287e-08
4.066950704225352180e-08
4.067098962194218073e-08
4.067247220163083966e-08
4.067395478131949860e-08
4.067543736100815753e-08
4.067691994069681646e-08
4.067840252038547539e-08
4.067988510007413432e-08
4.068136767976278663e-08
4.068285025945144556e-08
4.068433283914010450e-08
4.068581541882876343e-08
4.068729799851742236e-08
4.068878057820608129e-08
4.069026315789474022e-08
4.069174573758339915e-08
4.069322831727205808e-08
4.069471089696071701e-08
4.069619347664936933e-08
4.069767605633802826e-08
4.069915863602668719e-08
4.070064121571534612e-08
4.070212379540400505e-08
4.070360637509266398e-08
4.070508895478132291e-08
4.070657153446998184e-08
4.070805411415864078e-08
4.070953669384729971e-08
4.071101927353595202e-08
4.071250185322461095e-08
4.071398443291326988e-08
4.071546701260192881e-08
4.071694959229058774e-08
4.071843217197924668e-08
4.071991475166790561e-08
4.072139733135656454e-08
4.072287991104522347e-08
4.072436249073388240e-08
4.072584507042253471e-08
4.072732765011119365e-08
4.072881022979985258e-08
4.073029280948851151e-08
4.073177538917717044e-08
4.073325796886582937e-08
4.073474054855448830e-08
4.073622312824314723e-08
4.073770570793180616e-08
4.073918828762046509e-08
4.074067086730911741e-08
4.074215344699777634e-08
4.074363602668643527e-08
4.074511860637509420e-08
4.074660118606375313e-08
4.074808376575241206e-08
4.074956634544107099e-08
4.075104892512972992e-08
4.075253150481838886e-08
4.075401408450704779e-08
4.075549666419570010e-08
4.075697924388435903e-08
4.075846182357301796e-08
4.075994440326167689e-08
4.076142698295033583e-08
4.076290956263899476e-08
4.076439214232765369e-08
4.076587472201631262e-08
4.076735730170497155e-08
4.076883988139362386e-08
4.077032246108228279e-08
4.077180504077094173e-08
4.077328762045960066e-08
4.077477020014825959e-08
4.077625277983691852e-08
4.077773535952557745e-08
4.077921793921423638e-08
4.078070051890289531e-08
4.078218309859155424e-08
4.078366567828020656e-08
4.078514825796886549e-08
4.078663083765752442e-08
4.078811341734618335e-08
4.078959599703484228e-08
4.079107857672350121e-08
4.079256115641216014e-08
4.079404373610081907e-08
4.079552631578947801e-08
4.079700889547813694e-08
4.079849147516678925e-08
4.079997405485544818e-08
4.080145663454410711e-08
4.080293921423276604e-08
4.080442179392142497e-08
4.080590437361008391e-08
4.080738695329874284e-08
4.080886953298740177e-08
4.081035211267606070e-08
4.081183469236471963e-08
4.081331727205337194e-08
4.081479985174203087e-08
4.081628243143068981e-08
4.081776501111934874e-08
4.081924759080800767e-08
4.082073017049666660e-08
4.082221275018532553e-08
4.082369532987398446e-08
4.082517790956264339e-08
4.082666048925130232e-08
4.082814306893995464e-08
4.082962564862861357e-08
4.083110822831727250e-08
4.083259080800593143e-08
4.083407338769459036e-08
4.083555596738324929e-08
4.083703854707190822e-08
4.083852112676056715e-08
4.084000370644922609e-08
4.084148628613788502e-08
4.084296886582653733e-08
4.084445144551519626e-08
4.084593402520385519e-08
4.084741660489251412e-08
4.084889918458117305e-08
4.085038176426983199e-08
4.085186434395849092e-08
4.085334692364714985e-08
4.085482950333580878e-08
4.085631208302446771e-08
4.085779466271312002e-08
4.085927724240177895e-08
4.086075982209043789e-08
4.086224240177909682e-08
4.086372498146775575e-08
4.086520756115641468e-08
4.086669014084507361e-08
4.086817272053373254e-08
4.086965530022239147e-08
4.087113787991105040e-08
4.087262045959970272e-08
4.087410303928836165e-08
4.087558561897702058e-08
4.087706819866567951e-08
4.087855077835433844e-08
4.088003335804299737e-08
4.088151593773165630e-08
4.088299851742031523e-08
4.088448109710897417e-08
4.088596367679763310e-08
4.088744625648628541e-08
4.088892883617494434e-08
4.089041141586360327e-08
4.089189399555226220e-08
4.089337657524092113e-08
4.089485915492958007e-08
4.089634173461823900e-08
4.089782431430689793e-08
4.089930689399555686e-08
4.090078947368421579e-08
4.090227205337286810e-08
4.090375463306152703e-08
4.090523721275018597e-08
4.090671979243884490e-08
4.090820237212750383e-08
4.090968495181616276e-08
4.091116753150482169e-08
4.091265011119348062e-08
4.091413269088213955e-08
4.091561527057079848e-08
4.091709785025945080e-08
4.091858042994810973e-08
4.092006300963676866e-08
4.092154558932542759e-08
4.092302816901408652e-08
4.092451074870274545e-08
4.092599332839140438e-08
4.092747590808006331e-08
4.092895848776872225e-08
4.093044106745738118e-08
4.093192364714603349e-08
4.093340622683469242e-08
4.093488880652335135e-08
4.093637138621201028e-08
4.093785396590066921e-08
4.093933654558932815e-08
4.094081912527798708e-08
4.094230170496664601e-08
4.094378428465530494e-08
4.094526686434395725e-08
4.094674944403261618e-08
4.094823202372127511e-08
4.094971460340993405e-08
4.095119718309859298e-08
4.095267976278725191e-08
4.095416234247591084e-08
4.095564492216456977e-08
4.095712750185322870e-08
4.095861008154188763e-08
4.096009266123053995e-08
4.096157524091919888e-08
4.096305782060785781e-08
4.096454040029651674e-08
4.096602297998517567e-08
4.096750555967383460e-08
4.096898813936249353e-08
4.097047071905115246e-08
4.097195329873981139e-08
4.097343587842847033e-08
4.097491845811712264e-08
4.097640103780578157e-08
4.097788361749444050e-08
4.097936619718309943e-08
4.098084877687175836e-08
4.098233135656041729e-08
4.098381393624907623e-08
4.098529651593773516e-08
4.098677909562639409e-08
4.098826167531505302e-08
4.098974425500370533e-08
4.099122683469236426e-08
4.099270941438102319e-08
4.099419199406968213e-08
4.099567457375834106e-08
4.099715715344699999e-08
4.099863973313565892e-08
4.100012231282431785e-08
4.100160489251297678e-08
4.100308747220163571e-08
4.100457005189028803e-08
4.100605263157894696e-08
4.100753521126760589e-08
4.100901779095626482e-08
4.101050037064492375e-08
4.101198295033358268e-08
4.101346553002224161e-08
4.101494810971090054e-08
4.101643068939955947e-08
4.101791326908821841e-08
4.101939584877687072e-08
4.102087842846552965e-08
4.102236100815418858e-08
4.102384358784284751e-08
4.102532616753150644e-08
4.102680874722016537e-08
4.102829132690882431e-08
4.102977390659748324e-08
4.103125648628614217e-08
4.103273906597480110e-08
4.103422164566345341e-08
4.103570422535211234e-08
4.103718680504077127e-08
4.103866938472943021e-08
4.104015196441808914e-08
4.104163454410674807e-08
4.104311712379540700e-08
4.104459970348406593e-08
4.104608228317272486e-08
4.104756486286138379e-08
4.104904744255003611e-08
4.105053002223869504e-08
4.105201260192735397e-08
4.105349518161601290e-08
4.105497776130467183e-08
4.105646034099333076e-08
4.105794292068198969e-08
4.105942550037064862e-08
4.106090808005930755e-08
4.106239065974796649e-08
4.106387323943661880e-08
4.106535581912527773e-08
4.106683839881393666e-08
4.106832097850259559e-08
4.106980355819125452e-08
4.107128613787991345e-08
4.107276871756857239e-08
4.107425129725723132e-08
4.107573387694589025e-08
4.107721645663454918e-08
4.107869903632320149e-08
4.108018161601186042e-08
4.108166419570051935e-08
4.108314677538917829e-08
4.108462935507783722e-08
4.108611193476649615e-08
4.108759451445515508e-08
4.108907709414381401e-08
4.109055967383247294e-08
4.109204225352113187e-08
4.109352483320978419e-08
4.109500741289844312e-08
4.109648999258710205e-08
4.109797257227576098e-08
4.109945515196441991e-08
4.110093773165307884e-08
4.110242031134173777e-08
4.110390289103039670e-08
4.110538547071905563e-08
4.110686805040770795e-08
4.110835063009636688e-08
4.110983320978502581e-08
4.111131578947368474e-08
4.111279836916234367e-08
4.111428094885100260e-08
4.111576352853966153e-08
4.111724610822832047e-08
4.111872868791697940e-08
4.112021126760563833e-08
4.112169384729429726e-08
4.112317642698294957e-08
4.112465900667160850e-08
4.112614158636026744e-08
4.112762416604892637e-08
4.112910674573758530e-08
4.113058932542624423e-08
4.113207190511490316e-08
4.113355448480356209e-08
4.113503706449222102e-08
4.113651964418087334e-08
4.113800222386953227e-08
4.113948480355819120e-08
4.114096738324685013e-08
4.114244996293550906e-08
4.114393254262416799e-08
4.114541512231282692e-08
4.114689770200148585e-08
4.114838028169014478e-08
4.114986286137880371e-08
4.115134544106745603e-08
4.115282802075611496e-08
4.115431060044477389e-08
4.115579318013343282e-08
4.115727575982209175e-08
4.115875833951075068e-08
4.116024091919940961e-08
4.116172349888806855e-08
4.116320607857672748e-08
4.116468865826538641e-08
4.116617123795403872e-08
4.116765381764269765e-08
4.116913639733135658e-08
4.117061897702001552e-08
4.117210155670867445e-08
4.117358413639733338e-08
4.117506671608599231e-08
4.117654929577465124e-08
4.117803187546331017e-08
4.117951445515196910e-08
4.118099703484062142e-08
4.118247961452928035e-08
4.118396219421793928e-08
4.118544477390659821e-08
4.118692735359525714e-08
4.118840993328391607e-08
4.118989251297257500e-08
4.119137509266123393e-08
4.119285767234989286e-08
4.119434025203855179e-08
4.119582283172720411e-08
4.119730541141586304e-08
4.119878799110452197e-08
4.120027057079318090e-08
4.120175315048183983e-08
4.120323573017049876e-08
4.120471830985915770e-08
4.120620088954781663e-08
4.120768346923647556e-08
4.120916604892513449e-08
4.121064862861378680e-08
4.121213120830244573e-08
4.121361378799110466e-08
4.121509636767976360e-08
4.121657894736842253e-08
4.121806152705708146e-08
4.121954410674574039e-08
4.122102668643439932e-08
4.122250926612305825e-08
4.122399184581171718e-08
4.122547442550036950e-08
4.122695700518902843e-08
4.122843958487768736e-08
4.122992216456634629e-08
4.123140474425500522e-08
4.123288732394366415e-08
4.123436990363232308e-08
4.123585248332098201e-08
4.123733506300964094e-08
4.123881764269829988e-08
4.124030022238695219e-08
4.124178280207561112e-08
4.124326538176427005e-08
4.124474796145292898e-08
4.124623054114158791e-08
4.124771312083024684e-08
4.124919570051890578e-08
4.125067828020756471e-08
4.125216085989622364e-08
4.125364343958488257e-08
4.125512601927353488e-08
4.125660859896219381e-08
4.125809117865085274e-08
4.125957375833951168e-08
4.126105633802817061e-08
4.126253891771682954e-08
4.126402149740548847e-08
4.126550407709414740e-08
4.126698665678280633e-08
4.126846923647146526e-08
4.126995181616011758e-08
4.127143439584877651e-08
4.127291697553743544e-08
4.127439955522609437e-08
4.127588213491475330e-08
4.127736471460341223e-08
4.127884729429207116e-08
4.128032987398073009e-08
4.128181245366938902e-08
4.128329503335804796e-08
4.128477761304670027e-08
4.128626019273535920e-08
4.128774277242401813e-08
4.128922535211267706e-08
4.129070793180133599e-08
4.129219051148999492e-08
4.129367309117865386e-08
4.129515567086731279e-08
4.129663825055597172e-08
4.129812083024462403e-08
4.129960340993328296e-08
4.130108598962194189e-08
4.130256856931060082e-08
4.130405114899925976e-08
4.130553372868791869e-08
4.130701630837657762e-08
4.130849888806523655e-08
4.130998146775389548e-08
4.131146404744255441e-08
4.131294662713121334e-08
4.131442920681986566e-08
4.131591178650852459e-08
4.131739436619718352e-08
4.131887694588584245e-08
4.132035952557450138e-08
4.132184210526316031e-08
4.132332468495181924e-08
4.132480726464047817e-08
4.132628984432913710e-08
4.132777242401778942e-08
4.132925500370644835e-08
4.133073758339510728e-08
4.133222016308376621e-08
4.133370274277242514e-08
4.133518532246108407e-08
4.133666790214974300e-08
4.133815048183840194e-08
4.133963306152706087e-08
4.134111564121571980e-08
4.134259822090437211e-08
4.134408080059303104e-08
4.134556338028168997e-08
4.134704595997034890e-08
4.134852853965900784e-08
4.135001111934766677e-08
4.135149369903632570e-08
4.135297627872498463e-08
4.135445885841364356e-08
4.135594143810230249e-08
4.135742401779095480e-08
4.135890659747961374e-08
4.136038917716827267e-08
4.136187175685693160e-08
4.136335433654559053e-08
4.136483691623424946e-08
4.136631949592290839e-08
4.136780207561156732e-08
4.136928465530022625e-08
4.137076723498888518e-08
4.137224981467753750e-08
4.137373239436619643e-08
4.137521497405485536e-08
4.137669755374351429e-08
4.137818013343217322e-08
4.137966271312083215e-08
4.138114529280949108e-08
4.138262787249815002e-08
4.138411045218680895e-08
4.138559303187546788e-08
4.138707561156412019e-08
4.138855819125277912e-08
4.139004077094143805e-08
4.139152335063009698e-08
4.139300593031875592e-08
4.139448851000741485e-08
4.139597108969607378e-08
4.139745366938473271e-08
4.139893624907339164e-08
4.140041882876205057e-08
4.140190140845070288e-08
4.140338398813936182e-08
4.140486656782802075e-08
4.140634914751667968e-08
4.140783172720533861e-08
4.140931430689399754e-08
4.141079688658265647e-08
4.141227946627131540e-08
4.141376204595997433e-08
4.141524462564863326e-08
4.141672720533728558e-08
4.141820978502594451e-08
4.141969236471460344e-08
4.142117494440326237e-08
4.142265752409192130e-08
4.142414010378058023e-08
4.142562268346923916e-08
4.142710526315789810e-08
4.142858784284655703e-08
4.143007042253521596e-08
4.143155300222386827e-08
4.143303558191252720e-08
4.143451816160118613e-08
4.143600074128984506e-08
4.143748332097850400e-08
4.143896590066716293e-08
4.144044848035582186e-08
4.144193106004448079e-08
4.144341363973313972e-08
4.144489621942179865e-08
4.144637879911045096e-08
4.144786137879910990e-08
4.144934395848776883e-08
4.145082653817642776e-08
4.145230911786508669e-08
4.145379169755374562e-08
4.145527427724240455e-08
4.145675685693106348e-08
4.145823943661972241e-08
4.145972201630838134e-08
4.146120459599703366e-08
4.146268717568569259e-08
4.146416975537435152e-08
4.146565233506301045e-08
4.146713491475166938e-08
4.146861749444032831e-08
4.147010007412898724e-08
4.147158265381764618e-08
4.147306523350630511e-08
4.147454781319496404e-08
4.147603039288361635e-08
4.147751297257227528e-08
4.147899555226093421e-08
4.148047813194959314e-08
4.148196071163825208e-08
4.148344329132691101e-08
4.148492587101556994e-08
4.148640845070422887e-08
4.148789103039288780e-08
4.148937361008154011e-08
4.149085618977019904e-08
4.149233876945885798e-08
4.149382134914751691e-08
4.149530392883617584e-08
4.149678650852483477e-08
4.149826908821349370e-08
4.149975166790215263e-08
4.150123424759081156e-08
4.150271682727947049e-08
4.150419940696812281e-08
4.150568198665678174e-08
4.150716456634544067e-08
4.150864714603409960e-08
4.151012972572275853e-08
4.151161230541141746e-08
4.151309488510007639e-08
4.151457746478873532e-08
4.151606004447739426e-08
4.151754262416605319e-08
4.151902520385470550e-08
4.152050778354336443e-08
4.152199036323202336e-08
4.152347294292068229e-08
4.152495552260934122e-08
4.152643810229800016e-08
4.152792068198665909e-08
4.152940326167531802e-08
4.153088584136397695e-08
4.153236842105263588e-08
4.153385100074128819e-08
4.153533358042994713e-08
4.153681616011860606e-08
4.153829873980726499e-08
4.153978131949592392e-08
4.154126389918458285e-08
4.154274647887324178e-08
4.154422905856190071e-08
4.154571163825055964e-08
4.154719421793921857e-08
4.154867679762787089e-08
4.155015937731652982e-08
4.155164195700518875e-08
4.155312453669384768e-08
4.155460711638250661e-08
4.155608969607116554e-08
4.155757227575982447e-08
4.155905485544848340e-08
4.156053743513714234e-08
4.156202001482580127e-08
4.156350259451445358e-08
4.156498517420311251e-08
4.156646775389177144e-08
4.156795033358043037e-08
4.156943291326908931e-08
4.157091549295774824e-08
4.157239807264640717e-08
4.157388065233506610e-08
4.157536323202372503e-08
4.157684581171238396e-08
4.157832839140103627e-08
4.157981097108969521e-08
4.158129355077835414e-08
4.158277613046701307e-08
4.158425871015567200e-08
4.158574128984433093e-08
4.158722386953298986e-08
4.158870644922164879e-08
4.159018902891030772e-08
4.159167160859896665e-08
4.159315418828761897e-08
4.159463676797627790e-08
4.159611934766493683e-08
4.159760192735359576e-08
4.159908450704225469e-08
4.160056708673091362e-08
4.160204966641957255e-08
4.160353224610823149e-08
4.160501482579689042e-08
4.160649740548554935e-08
4.160797998517420166e-08
4.160946256486286059e-08
4.161094514455151952e-08
4.161242772424017845e-08
4.161391030392883739e-08
4.161539288361749632e-08
4.161687546330615525e-08
4.161835804299481418e-08
4.161984062268347311e-08
4.162132320237213204e-08
4.162280578206078435e-08
4.162428836174944329e-08
4.162577094143810222e-08
4.162725352112676115e-08
4.162873610081542008e-08
4.163021868050407901e-08
4.163170126019273794e-08
4.163318383988139687e-08
4.163466641957005580e-08
4.163614899925871473e-08
4.163763157894736705e-08
4.163911415863602598e-08
4.164059673832468491e-08
4.164207931801334384e-08
4.164356189770200277e-08
4.164504447739066170e-08
4.164652705707932063e-08
4.164800963676797957e-08
4.164949221645663850e-08
4.165097479614529081e-08
4.165245737583394974e-08
4.165393995552260867e-08
4.165542253521126760e-08
4.165690511489992653e-08
4.165838769458858547e-08
4.165987027427724440e-08
4.166135285396590333e-08
4.166283543365456226e-08
4.166431801334322119e-08
4.166580059303188012e-08
4.166728317272053243e-08
4.166876575240919137e-08
4.167024833209785030e-08
4.167173091178650923e-08
4.167321349147516816e-08
4.167469607116382709e-08
4.167617865085248602e-08
4.167766123054114495e-08
4.167914381022980388e-08
4.168062638991845620e-08
4.168210896960711513e-08
4.168359154929577406e-08
4.168507412898443299e-08
4.168655670867309192e-08
4.168803928836175085e-08
4.168952186805040978e-08
4.169100444773906871e-08
4.169248702742772765e-08
4.169396960711638658e-08
4.169545218680503889e-08
4.169693476649369782e-08
4.169841734618235675e-08
4.169989992587101568e-08
4.170138250555967461e-08
4.170286508524833355e-08
4.170434766493699248e-08
4.170583024462565141e-08
4.170731282431431034e-08
4.170879540400296927e-08
4.171027798369162158e-08
4.171176056338028051e-08
4.171324314306893945e-08
4.171472572275759838e-08
4.171620830244625731e-08
4.171769088213491624e-08
4.171917346182357517e-08
4.172065604151223410e-08
4.172213862120089303e-08
4.172362120088955196e-08
4.172510378057820428e-08
4.172658636026686321e-08
4.172806893995552214e-08
4.172955151964418107e-08
4.173103409933284000e-08
4.173251667902149893e-08
4.173399925871015786e-08
4.173548183839881679e-08
4.173696441808747573e-08
4.173844699777613466e-08
4.173992957746478697e-08
4.174141215715344590e-08
4.174289473684210483e-08
4.174437731653076376e-08
4.174585989621942269e-08
4.174734247590808163e-08
4.174882505559674056e-08
4.175030763528539949e-08
4.175179021497405842e-08
4.175327279466271735e-08
4.175475537435136966e-08
4.175623795404002859e-08
4.175772053372868753e-08
4.175920311341734646e-08
4.176068569310600539e-08
4.176216827279466432e-08
4.176365085248332325e-08
4.176513343217198218e-08
4.176661601186064111e-08
4.176809859154930004e-08
4.176958117123795236e-08
4.177106375092661129e-08
4.177254633061527022e-08
4.177402891030392915e-08
4.177551148999258808e-08
4.177699406968124701e-08
4.177847664936990594e-08
4.177995922905856487e-08
4.178144180874722381e-08
4.178292438843588274e-08
4.178440696812453505e-08
4.178588954781319398e-08
4.178737212750185291e-08
4.178885470719051184e-08
4.179033728687917077e-08
4.179181986656782971e-08
4.179330244625648864e-08
4.179478502594514757e-08
4.179626760563380650e-08
4.179775018532246543e-08
4.179923276501111774e-08
4.180071534469977667e-08
4.180219792438843561e-08
4.180368050407709454e-08
4.180516308376575347e-08
4.180664566345441240e-08
4.180812824314307133e-08
4.180961082283173026e-08
4.181109340252038919e-08
4.181257598220904151e-08
4.181405856189770044e-08
4.181554114158635937e-08
4.181702372127501830e-08
4.181850630096367723e-08
4.181998888065233616e-08
4.182147146034099509e-08
4.182295404002965402e-08
4.182443661971831295e-08
4.182591919940697189e-08
4.182740177909563082e-08
4.182888435878428313e-08
4.183036693847294206e-08
4.183184951816160099e-08
4.183333209785025992e-08
4.183481467753891885e-08
4.183629725722757779e-08
4.183777983691623672e-08
4.183926241660489565e-08
4.184074499629355458e-08
4.184222757598220689e-08
4.184371015567086582e-08
4.184519273535952475e-08
4.184667531504818369e-08
4.184815789473684262e-08
4.184964047442550155e-08
4.185112305411416048e-08
4.185260563380281941e-08
4.185408821349147834e-08
4.185557079318013727e-08
4.185705337286879620e-08
4.185853595255744852e-08
4.186001853224610745e-08
4.186150111193476638e-08
4.186298369162342531e-08
4.186446627131208424e-08
4.186594885100074317e-08
4.186743143068940210e-08
4.186891401037806103e-08
4.187039659006671997e-08
4.187187916975537228e-08
4.187336174944403121e-08
4.187484432913269014e-08
4.187632690882134907e-08
4.187780948851000800e-08
4.187929206819866693e-08
4.188077464788732587e-08
4.188225722757598480e-08
4.188373980726464373e-08
4.188522238695330266e-08
4.188670496664195497e-08
4.188818754633061390e-08
4.188967012601927283e-08
4.189115270570793177e-08
4.189263528539659070e-08
4.189411786508524963e-08
4.189560044477390856e-08
4.189708302446256749e-08
4.189856560415122642e-08
4.190004818383988535e-08
4.190153076352853767e-08
4.190301334321719660e-08
4.190449592290585553e-08
4.190597850259451446e-08
4.190746108228317339e-08
4.190894366197183232e-08
4.191042624166049125e-08
4.191190882134915018e-08
4.191339140103780911e-08
4.191487398072646805e-08
4.191635656041512036e-08
4.191783914010377929e-08
4.191932171979243822e-08
4.192080429948109715e-08
4.192228687916975608e-08
4.192376945885841501e-08
4.192525203854707395e-08
4.192673461823573288e-08
4.192821719792439181e-08
4.192969977761305074e-08
4.193118235730170305e-08
4.193266493699036198e-08
4.193414751667902092e-08
4.193563009636767985e-08
4.193711267605633878e-08
4.193859525574499771e-08
4.194007783543365664e-08
4.194156041512231557e-08
4.194304299481097450e-08
4.194452557449963343e-08
4.194600815418828575e-08
4.194749073387694468e-08
4.194897331356560361e-08
4.195045589325426254e-08
4.195193847294292147e-08
4.195342105263158040e-08
4.195490363232023933e-08
4.195638621200889826e-08
4.195786879169755719e-08
4.195935137138621613e-08
4.196083395107486844e-08
4.196231653076352737e-08
4.196379911045218630e-08
4.196528169014084523e-08
4.196676426982950416e-08
4.196824684951816310e-08
4.196972942920682203e-08
4.197121200889548096e-08
4.197269458858413989e-08
4.197417716827279882e-08
4.197565974796145113e-08
4.197714232765011006e-08
4.197862490733876900e-08
4.198010748702742793e-08
4.198159006671608686e-08
4.198307264640474579e-08
4.198455522609340472e-08
4.198603780578206365e-08
4.198752038547072258e-08
4.198900296515938151e-08
4.199048554484803383e-08
4.199196812453669276e-08
4.199345070422535169e-08
4.199493328391401062e-08
4.199641586360266955e-08
4.199789844329132848e-08
4.199938102297998741e-08
4.200086360266864634e-08
4.200234618235730528e-08
4.200382876204595759e-08
4.200531134173461652e-08
4.200679392142327545e-08
4.200827650111193438e-08
4.200975908080059331e-08
4.201124166048925224e-08
4.201272424017791118e-08
4.201420681986657011e-08
4.201568939955522904e-08
4.201717197924388797e-08
4.201865455893254690e-08
4.202013713862119921e-08
4.202161971830985814e-08
4.202310229799851708e-08
4.202458487768717601e-08
4.202606745737583494e-08
4.202755003706449387e-08
4.202903261675315280e-08
4.203051519644181173e-08
4.203199777613047066e-08
4.203348035581912298e-08
4.203496293550778191e-08
4.203644551519644084e-08
4.203792809488509977e-08
4.203941067457375870e-08
4.204089325426241763e-08
4.204237583395107656e-08
4.204385841363973549e-08
4.204534099332839442e-08
4.204682357301705336e-08
4.204830615270570567e-08
4.204978873239436460e-08
4.205127131208302353e-08
4.205275389177168246e-08
4.205423647146034139e-08
4.205571905114900032e-08
4.205720163083765926e-08
4.205868421052631819e-08
4.206016679021497712e-08
4.206164936990363605e-08
4.206313194959228836e-08
4.206461452928094729e-08
4.206609710896960622e-08
4.206757968865826516e-08
4.206906226834692409e-08
4.207054484803558302e-08
4.207202742772424195e-08
4.207351000741290088e-08
4.207499258710155981e-08
4.207647516679021874e-08
4.207795774647887106e-08
4.207944032616752999e-08
4.208092290585618892e-08
4.208240548554484785e-08
4.208388806523350678e-08
4.208537064492216571e-08
4.208685322461082464e-08
4.208833580429948357e-08
4.208981838398814250e-08
4.209130096367680144e-08
4.209278354336545375e-08
4.209426612305411268e-08
4.209574870274277161e-08
4.209723128243143054e-08
4.209871386212008947e-08
4.210019644180874840e-08
4.210167902149740734e-08
4.210316160118606627e-08
4.210464418087472520e-08
4.210612676056338413e-08
4.210760934025203644e-08
4.210909191994069537e-08
4.211057449962935430e-08
4.211205707931801324e-08
4.211353965900667217e-08
4.211502223869533110e-08
4.211650481838399003e-08
4.211798739807264896e-08
4.211946997776130789e-08
4.212095255744996682e-08
4.212243513713861914e-08
4.212391771682727807e-08
4.212540029651593700e-08
4.212688287620459593e-08
4.212836545589325486e-08
4.212984803558191379e-08
4.213133061527057272e-08
4.213281319495923165e-08
4.213429577464789058e-08
4.213577835433654952e-08
4.213726093402520183e-08
4.213874351371386076e-08
4.214022609340251969e-08
4.214170867309117862e-08
4.214319125277983755e-08
4.214467383246849648e-08
4.214615641215715542e-08
4.214763899184581435e-08
4.214912157153447328e-08
4.215060415122313221e-08
4.215208673091178452e-08
4.215356931060044345e-08
4.215505189028910238e-08
4.215653446997776132e-08
4.215801704966642025e-08
4.215949962935507918e-08
4.216098220904373811e-08
4.216246478873239704e-08
4.216394736842105597e-08
4.216542994810970828e-08
4.216691252779836722e-08
4.216839510748702615e-08
4.216987768717568508e-08
4.217136026686434401e-08
4.217284284655300294e-08
4.217432542624166187e-08
4.217580800593032080e-08
4.217729058561897973e-08
4.217877316530763866e-08
4.218025574499629760e-08
4.218173832468494991e-08
4.218322090437360884e-08
4.218470348406226777e-08
4.218618606375092670e-08
4.218766864343958563e-08
4.218915122312824456e-08
4.219063380281690350e-08
4.219211638250556243e-08
4.219359896219422136e-08
4.219508154188287367e-08
4.219656412157153260e-08
4.219804670126019153e-08
4.219952928094885046e-08
4.220101186063750940e-08
4.220249444032616833e-08
4.220397702001482726e-08
4.220545959970348619e-08
4.220694217939214512e-08
4.220842475908080405e-08
4.220990733876946298e-08
4.221138991845811530e-08
4.221287249814677423e-08
4.221435507783543316e-08
4.221583765752409209e-08
4.221732023721275102e-08
4.221880281690140995e-08
4.222028539659006888e-08
4.222176797627872781e-08
4.222325055596738674e-08
4.222473313565603906e-08
4.222621571534469799e-08
4.222769829503335692e-08
4.222918087472201585e-08
4.223066345441067478e-08
4.223214603409933371e-08
4.223362861378799264e-08
4.223511119347665158e-08
4.223659377316531051e-08
4.223807635285396944e-08
4.223955893254262175e-08
4.224104151223128068e-08
4.224252409191993961e-08
4.224400667160859854e-08
4.224548925129725748e-08
4.224697183098591641e-08
4.224845441067457534e-08
4.224993699036323427e-08
4.225141957005189320e-08
4.225290214974055213e-08
4.225438472942920444e-08
4.225586730911786338e-08
4.225734988880652231e-08
4.225883246849518124e-08
4.226031504818384017e-08
4.226179762787249910e-08
4.226328020756115803e-08
4.226476278724981696e-08
4.226624536693847589e-08
4.226772794662713482e-08
4.226921052631578714e-08
4.227069310600444607e-08
4.227217568569310500e-08
4.227365826538176393e-08
4.227514084507042286e-08
4.227662342475908179e-08
4.227810600444774072e-08
4.227958858413639966e-08
4.228107116382505859e-08
4.228255374351371752e-08
4.228403632320236983e-08
4.228551890289102876e-08
4.228700148257968769e-08
4.228848406226834662e-08
4.228996664195700556e-08
4.229144922164566449e-08
4.229293180133432342e-08
4.229441438102298235e-08
4.229589696071164128e-08
4.229737954040030021e-08
4.229886212008895252e-08
4.230034469977761146e-08
4.230182727946627039e-08
4.230330985915492932e-08
4.230479243884358825e-08
4.230627501853224718e-08
4.230775759822090611e-08
4.230924017790956504e-08
4.231072275759822397e-08
4.231220533728688290e-08
4.231368791697553522e-08
4.231517049666419415e-08
4.231665307635285308e-08
4.231813565604151201e-08
4.231961823573017094e-08
4.232110081541882987e-08
4.232258339510748880e-08
4.232406597479614774e-08
4.232554855448480667e-08
4.232703113417346560e-08
4.232851371386211791e-08
4.232999629355077684e-08
4.233147887323943577e-08
4.233296145292809470e-08
4.233444403261675364e-08
4.233592661230541257e-08
4.233740919199407150e-08
4.233889177168273043e-08
4.234037435137138936e-08
4.234185693106004829e-08
4.234333951074870061e-08
4.234482209043735954e-08
4.234630467012601847e-08
4.234778724981467740e-08
4.234926982950333633e-08
4.235075240919199526e-08
4.235223498888065419e-08
4.235371756856931312e-08
4.235520014825797205e-08
4.235668272794662437e-08
4.235816530763528330e-08
4.235964788732394223e-08
4.236113046701260116e-08
4.236261304670126009e-08
4.236409562638991902e-08
4.236557820607857795e-08
4.236706078576723688e-08
4.236854336545589582e-08
4.237002594514455475e-08
4.237150852483321368e-08
4.237299110452186599e-08
4.237447368421052492e-08
4.237595626389918385e-08
4.237743884358784279e-08
4.237892142327650172e-08
4.238040400296516065e-08
4.238188658265381958e-08
4.238336916234247851e-08
4.238485174203113744e-08
4.238633432171978975e-08
4.238781690140844869e-08
4.238929948109710762e-08
4.239078206078576655e-08
4.239226464047442548e-08
4.239374722016308441e-08
4.239522979985174334e-08
4.239671237954040227e-08
4.239819495922906120e-08
4.239967753891772013e-08
4.240116011860637245e-08
4.240264269829503138e-08
4.240412527798369031e-08
4.240560785767234924e-08
4.240709043736100817e-08
4.240857301704966710e-08
4.241005559673832603e-08
4.241153817642698497e-08
4.241302075611564390e-08
4.241450333580430283e-08
4.241598591549295514e-08
4.241746849518161407e-08
4.241895107487027300e-08
4.242043365455893193e-08
4.242191623424759087e-08
4.242339881393624980e-08
4.242488139362490873e-08
4.242636397331356766e-08
4.242784655300222659e-08
4.242932913269088552e-08
4.243081171237953783e-08
4.243229429206819677e-08
4.243377687175685570e-08
4.243525945144551463e-08
4.243674203113417356e-08
4.243822461082283249e-08
4.243970719051149142e-08
4.244118977020015035e-08
4.244267234988880928e-08
4.244415492957746821e-08
4.244563750926612053e-08
4.244712008895477946e-08
4.244860266864343839e-08
4.245008524833209732e-08
4.245156782802075625e-08
4.245305040770941518e-08
4.245453298739807411e-08
4.245601556708673305e-08
4.245749814677539198e-08
4.245898072646405091e-08
4.246046330615270322e-08
4.246194588584136215e-08
4.246342846553002108e-08
4.246491104521868001e-08
4.246639362490733895e-08
4.246787620459599788e-08
4.246935878428465681e-08
4.247084136397331574e-08
4.247232394366197467e-08
4.247380652335063360e-08
4.247528910303928591e-08
4.247677168272794485e-08
4.247825426241660378e-08
4.247973684210526271e-08
4.248121942179392164e-08
4.248270200148258057e-08
4.248418458117123950e-08
4.248566716085989843e-08
4.248714974054855736e-08
4.248863232023721629e-08
4.249011489992586861e-08
4.249159747961452754e-08
4.249308005930318647e-08
4.249456263899184540e-08
4.249604521868050433e-08
4.249752779836916326e-08
4.249901037805782219e-08
4.250049295774648113e-08
4.250197553743514006e-08
4.250345811712379899e-08
4.250494069681245130e-08
4.250642327650111023e-08
4.250790585618976916e-08
4.250938843587842809e-08
4.251087101556708703e-08
4.251235359525574596e-08
4.251383617494440489e-08
4.251531875463306382e-08
4.251680133432172275e-08
4.251828391401037506e-08
4.251976649369903399e-08
4.252124907338769293e-08
4.252273165307635186e-08
4.252421423276501079e-08
4.252569681245366972e-08
4.252717939214232865e-08
4.252866197183098758e-08
4.253014455151964651e-08
4.253162713120830544e-08
4.253310971089696437e-08
4.253459229058561669e-08
4.253607487027427562e-08
4.253755744996293455e-08
4.253904002965159348e-08
4.254052260934025241e-08
4.254200518902891134e-08
4.254348776871757027e-08
4.254497034840622921e-08
4.254645292809488814e-08
4.254793550778354045e-08
4.254941808747219938e-08
4.255090066716085831e-08
4.255238324684951724e-08
4.255386582653817617e-08
4.255534840622683511e-08
4.255683098591549404e-08
4.255831356560415297e-08
4.255979614529281190e-08
4.256127872498147083e-08
4.256276130467012976e-08
4.256424388435878207e-08
4.256572646404744101e-08
4.256720904373609994e-08
4.256869162342475887e-08
4.257017420311341780e-08
4.257165678280207673e-08
4.257313936249073566e-08
4.257462194217939459e-08
4.257610452186805352e-08
4.257758710155670584e-08
4.257906968124536477e-08
4.258055226093402370e-08
4.258203484062268263e-08
4.258351742031134156e-08
4.258500000000000049e-08
