4.060580000000000220e-08
4.060728257968866113e-08
4.060876515937732006e-08
4.061024773906597899e-08
4.061173031875463792e-08
4.061321289844329024e-08
4.061469547813194917e-08
4.061617805782060810e-08
4.061766063750926703e-08
4.061914321719792596e-08
4.062062579688658489e-08
4.062210837657524382e-08
4.062359095626390275e-08
4.062507353595256169e-08
4.062655611564122062e-08
4.062803869532987293e-08
4.062952127501853186e-08
4.063100385470719079e-08
4.063248643439584972e-08
4.063396901408450865e-08
4.063545159377316759e-08
4.063693417346182652e-08
4.063841675315048545e-08
4.063989933283914438e-08
4.064138191252780331e-08
4.064286449221645562e-08
4.064434707190511455e-08
4.064582965159377349e-08
4.064731223128243242e-08
4.064879481097109135e-08
4.065027739065975028e-08
4.065175997034840921e-08
4.065324255003706814e-08
4.065472512972572707e-08
4.065620770941438600e-08
4.065769028910303832e-08
4.065917286879169725e-08
4.066065544848035618e-08
4.066213802816901511e-08
4.066362060785767404e-08
4.066510318754633297e-08
4.066658576723499190e-08
4.066806834692365083e-08
4.066955092661230977e-08
4.067103350630096870e-08
4.067251608598962101e-08
4.067399866567827994e-08
4.067548124536693887e-08
4.067696382505559780e-08
4.067844640474425673e-08
4.067992898443291567e-08
4.068141156412157460e-08
4.068289414381023353e-08
4.068437672349889246e-08
4.068585930318755139e-08
4.068734188287620370e-08
4.068882446256486263e-08
4.069030704225352157e-08
4.069178962194218050e-08
4.069327220163083943e-08
4.069475478131949836e-08
4.069623736100815729e-08
4.069771994069681622e-08
4.069920252038547515e-08
4.070068510007413408e-08
4.070216767976278640e-08
4.070365025945144533e-08
4.070513283914010426e-08
4.070661541882876319e-08
4.070809799851742212e-08
4.070958057820608105e-08
4.071106315789473998e-08
4.071254573758339891e-08
4.071402831727205785e-08
4.071551089696071678e-08
4.071699347664936909e-08
4.071847605633802802e-08
4.071995863602668695e-08
4.072144121571534588e-08
4.072292379540400481e-08
4.072440637509266375e-08
4.072588895478132268e-08
4.072737153446998161e-08
4.072885411415864054e-08
4.073033669384729947e-08
4.073181927353595178e-08
4.073330185322461071e-08
4.073478443291326965e-08
4.073626701260192858e-08
4.073774959229058751e-08
4.073923217197924644e-08
4.074071475166790537e-08
4.074219733135656430e-08
4.074367991104522323e-08
4.074516249073388216e-08
4.074664507042253448e-08
4.074812765011119341e-08
4.074961022979985234e-08
4.075109280948851127e-08
4.075257538917717020e-08
4.075405796886582913e-08
4.075554054855448806e-08
4.075702312824314699e-08
4.075850570793180593e-08
4.075998828762046486e-08
4.076147086730911717e-08
4.076295344699777610e-08
4.076443602668643503e-08
4.076591860637509396e-08
4.076740118606375289e-08
4.076888376575241183e-08
4.077036634544107076e-08
4.077184892512972969e-08
4.077333150481838862e-08
4.077481408450704755e-08
4.077629666419569986e-08
4.077777924388435879e-08
4.077926182357301773e-08
4.078074440326167666e-08
4.078222698295033559e-08
4.078370956263899452e-08
4.078519214232765345e-08
4.078667472201631238e-08
4.078815730170497131e-08
4.078963988139362363e-08
4.079112246108228256e-08
4.079260504077094149e-08
4.079408762045960042e-08
4.079557020014825935e-08
4.079705277983691828e-08
4.079853535952557721e-08
4.080001793921423614e-08
4.080150051890289507e-08
4.080298309859155401e-08
4.080446567828020632e-08
4.080594825796886525e-08
4.080743083765752418e-08
4.080891341734618311e-08
4.081039599703484204e-08
4.081187857672350097e-08
4.081336115641215991e-08
4.081484373610081884e-08
4.081632631578947777e-08
4.081780889547813670e-08
4.081929147516678901e-08
4.082077405485544794e-08
4.082225663454410687e-08
4.082373921423276581e-08
4.082522179392142474e-08
4.082670437361008367e-08
4.082818695329874260e-08
4.082966953298740153e-08
4.083115211267606046e-08
4.083263469236471939e-08
4.083411727205337171e-08
4.083559985174203064e-08
4.083708243143068957e-08
4.083856501111934850e-08
4.084004759080800743e-08
4.084153017049666636e-08
4.084301275018532529e-08
4.084449532987398422e-08
4.084597790956264315e-08
4.084746048925130209e-08
4.084894306893995440e-08
4.085042564862861333e-08
4.085190822831727226e-08
4.085339080800593119e-08
4.085487338769459012e-08
4.085635596738324905e-08
4.085783854707190799e-08
4.085932112676056692e-08
4.086080370644922585e-08
4.086228628613788478e-08
4.086376886582653709e-08
4.086525144551519602e-08
4.086673402520385495e-08
4.086821660489251389e-08
4.086969918458117282e-08
4.087118176426983175e-08
4.087266434395849068e-08
4.087414692364714961e-08
4.087562950333580854e-08
4.087711208302446747e-08
4.087859466271311979e-08
4.088007724240177872e-08
4.088155982209043765e-08
4.088304240177909658e-08
4.088452498146775551e-08
4.088600756115641444e-08
4.088749014084507337e-08
4.088897272053373230e-08
4.089045530022239123e-08
4.089193787991105017e-08
4.089342045959970248e-08
4.089490303928836141e-08
4.089638561897702034e-08
4.089786819866567927e-08
4.089935077835433820e-08
4.090083335804299713e-08
4.090231593773165607e-08
4.090379851742031500e-08
4.090528109710897393e-08
4.090676367679763286e-08
4.090824625648628517e-08
4.090972883617494410e-08
4.091121141586360303e-08
4.091269399555226197e-08
4.091417657524092090e-08
4.091565915492957983e-08
4.091714173461823876e-08
4.091862431430689769e-08
4.092010689399555662e-08
4.092158947368421555e-08
4.092307205337286787e-08
4.092455463306152680e-08
4.092603721275018573e-08
4.092751979243884466e-08
4.092900237212750359e-08
4.093048495181616252e-08
4.093196753150482145e-08
4.093345011119348038e-08
4.093493269088213931e-08
4.093641527057079825e-08
4.093789785025945056e-08
4.093938042994810949e-08
4.094086300963676842e-08
4.094234558932542735e-08
4.094382816901408628e-08
4.094531074870274521e-08
4.094679332839140415e-08
4.094827590808006308e-08
4.094975848776872201e-08
4.095124106745738094e-08
4.095272364714603325e-08
4.095420622683469218e-08
4.095568880652335111e-08
4.095717138621201005e-08
4.095865396590066898e-08
4.096013654558932791e-08
4.096161912527798684e-08
4.096310170496664577e-08
4.096458428465530470e-08
4.096606686434395702e-08
4.096754944403261595e-08
4.096903202372127488e-08
4.097051460340993381e-08
4.097199718309859274e-08
4.097347976278725167e-08
4.097496234247591060e-08
4.097644492216456953e-08
4.097792750185322846e-08
4.097941008154188739e-08
4.098089266123053971e-08
4.098237524091919864e-08
4.098385782060785757e-08
4.098534040029651650e-08
4.098682297998517543e-08
4.098830555967383436e-08
4.098978813936249329e-08
4.099127071905115223e-08
4.099275329873981116e-08
4.099423587842847009e-08
4.099571845811712240e-08
4.099720103780578133e-08
4.099868361749444026e-08
4.100016619718309920e-08
4.100164877687175813e-08
4.100313135656041706e-08
4.100461393624907599e-08
4.100609651593773492e-08
4.100757909562639385e-08
4.100906167531505278e-08
4.101054425500370510e-08
4.101202683469236403e-08
4.101350941438102296e-08
4.101499199406968189e-08
4.101647457375834082e-08
4.101795715344699975e-08
4.101943973313565868e-08
4.102092231282431761e-08
4.102240489251297654e-08
4.102388747220163547e-08
4.102537005189028779e-08
4.102685263157894672e-08
4.102833521126760565e-08
4.102981779095626458e-08
4.103130037064492351e-08
4.103278295033358244e-08
4.103426553002224138e-08
4.103574810971090031e-08
4.103723068939955924e-08
4.103871326908821817e-08
4.104019584877687048e-08
4.104167842846552941e-08
4.104316100815418834e-08
4.104464358784284728e-08
4.104612616753150621e-08
4.104760874722016514e-08
4.104909132690882407e-08
4.105057390659748300e-08
4.105205648628614193e-08
4.105353906597480086e-08
4.105502164566345318e-08
4.105650422535211211e-08
4.105798680504077104e-08
4.105946938472942997e-08
4.106095196441808890e-08
4.106243454410674783e-08
4.106391712379540676e-08
4.106539970348406569e-08
4.106688228317272462e-08
4.106836486286138356e-08
4.106984744255003587e-08
4.107133002223869480e-08
4.107281260192735373e-08
4.107429518161601266e-08
4.107577776130467159e-08
4.107726034099333052e-08
4.107874292068198946e-08
4.108022550037064839e-08
4.108170808005930732e-08
4.108319065974796625e-08
4.108467323943661856e-08
4.108615581912527749e-08
4.108763839881393642e-08
4.108912097850259536e-08
4.109060355819125429e-08
4.109208613787991322e-08
4.109356871756857215e-08
4.109505129725723108e-08
4.109653387694589001e-08
4.109801645663454894e-08
4.109949903632320126e-08
4.110098161601186019e-08
4.110246419570051912e-08
4.110394677538917805e-08
4.110542935507783698e-08
4.110691193476649591e-08
4.110839451445515484e-08
4.110987709414381377e-08
4.111135967383247270e-08
4.111284225352113164e-08
4.111432483320978395e-08
4.111580741289844288e-08
4.111728999258710181e-08
4.111877257227576074e-08
4.112025515196441967e-08
4.112173773165307860e-08
4.112322031134173754e-08
4.112470289103039647e-08
4.112618547071905540e-08
4.112766805040770771e-08
4.112915063009636664e-08
4.113063320978502557e-08
4.113211578947368450e-08
4.113359836916234344e-08
4.113508094885100237e-08
4.113656352853966130e-08
4.113804610822832023e-08
4.113952868791697916e-08
4.114101126760563809e-08
4.114249384729429702e-08
4.114397642698294934e-08
4.114545900667160827e-08
4.114694158636026720e-08
4.114842416604892613e-08
4.114990674573758506e-08
4.115138932542624399e-08
4.115287190511490292e-08
4.115435448480356185e-08
4.115583706449222078e-08
4.115731964418087310e-08
4.115880222386953203e-08
4.116028480355819096e-08
4.116176738324684989e-08
4.116324996293550882e-08
4.116473254262416775e-08
4.116621512231282668e-08
4.116769770200148562e-08
4.116918028169014455e-08
4.117066286137880348e-08
4.117214544106745579e-08
4.117362802075611472e-08
4.117511060044477365e-08
4.117659318013343258e-08
4.117807575982209152e-08
4.117955833951075045e-08
4.118104091919940938e-08
4.118252349888806831e-08
4.118400607857672724e-08
4.118548865826538617e-08
4.118697123795403848e-08
4.118845381764269742e-08
4.118993639733135635e-08
4.119141897702001528e-08
4.119290155670867421e-08
4.119438413639733314e-08
4.119586671608599207e-08
4.119734929577465100e-08
4.119883187546330993e-08
4.120031445515196886e-08
4.120179703484062118e-08
4.120327961452928011e-08
4.120476219421793904e-08
4.120624477390659797e-08
4.120772735359525690e-08
4.120920993328391583e-08
4.121069251297257476e-08
4.121217509266123370e-08
4.121365767234989263e-08
4.121514025203855156e-08
4.121662283172720387e-08
4.121810541141586280e-08
4.121958799110452173e-08
4.122107057079318066e-08
4.122255315048183960e-08
4.122403573017049853e-08
4.122551830985915746e-08
4.122700088954781639e-08
4.122848346923647532e-08
4.122996604892513425e-08
4.123144862861378656e-08
4.123293120830244550e-08
4.123441378799110443e-08
4.123589636767976336e-08
4.123737894736842229e-08
4.123886152705708122e-08
4.124034410674574015e-08
4.124182668643439908e-08
4.124330926612305801e-08
4.124479184581171694e-08
4.124627442550036926e-08
4.124775700518902819e-08
4.124923958487768712e-08
4.125072216456634605e-08
4.125220474425500498e-08
4.125368732394366391e-08
4.125516990363232284e-08
4.125665248332098178e-08
4.125813506300964071e-08
4.125961764269829964e-08
4.126110022238695195e-08
4.126258280207561088e-08
4.126406538176426981e-08
4.126554796145292874e-08
4.126703054114158768e-08
4.126851312083024661e-08
4.126999570051890554e-08
4.127147828020756447e-08
4.127296085989622340e-08
4.127444343958488233e-08
4.127592601927353464e-08
4.127740859896219358e-08
4.127889117865085251e-08
4.128037375833951144e-08
4.128185633802817037e-08
4.128333891771682930e-08
4.128482149740548823e-08
4.128630407709414716e-08
4.128778665678280609e-08
4.128926923647146502e-08
4.129075181616011734e-08
4.129223439584877627e-08
4.129371697553743520e-08
4.129519955522609413e-08
4.129668213491475306e-08
4.129816471460341199e-08
4.129964729429207092e-08
4.130112987398072986e-08
4.130261245366938879e-08
4.130409503335804772e-08
4.130557761304670003e-08
4.130706019273535896e-08
4.130854277242401789e-08
4.131002535211267682e-08
4.131150793180133576e-08
4.131299051148999469e-08
4.131447309117865362e-08
4.131595567086731255e-08
4.131743825055597148e-08
4.131892083024462379e-08
4.132040340993328272e-08
4.132188598962194166e-08
4.132336856931060059e-08
4.132485114899925952e-08
4.132633372868791845e-08
4.132781630837657738e-08
4.132929888806523631e-08
4.133078146775389524e-08
4.133226404744255417e-08
4.133374662713121310e-08
4.133522920681986542e-08
4.133671178650852435e-08
4.133819436619718328e-08
4.133967694588584221e-08
4.134115952557450114e-08
4.134264210526316007e-08
4.134412468495181900e-08
4.134560726464047794e-08
4.134708984432913687e-08
4.134857242401778918e-08
4.135005500370644811e-08
4.135153758339510704e-08
4.135302016308376597e-08
4.135450274277242490e-08
4.135598532246108384e-08
4.135746790214974277e-08
4.135895048183840170e-08
4.136043306152706063e-08
4.136191564121571956e-08
4.136339822090437187e-08
4.136488080059303081e-08
4.136636338028168974e-08
4.136784595997034867e-08
4.136932853965900760e-08
4.137081111934766653e-08
4.137229369903632546e-08
4.137377627872498439e-08
4.137525885841364332e-08
4.137674143810230225e-08
4.137822401779095457e-08
4.137970659747961350e-08
4.138118917716827243e-08
4.138267175685693136e-08
4.138415433654559029e-08
4.138563691623424922e-08
4.138711949592290815e-08
4.138860207561156708e-08
4.139008465530022602e-08
4.139156723498888495e-08
4.139304981467753726e-08
4.139453239436619619e-08
4.139601497405485512e-08
4.139749755374351405e-08
4.139898013343217299e-08
4.140046271312083192e-08
4.140194529280949085e-08
4.140342787249814978e-08
4.140491045218680871e-08
4.140639303187546764e-08
4.140787561156411995e-08
4.140935819125277889e-08
4.141084077094143782e-08
4.141232335063009675e-08
4.141380593031875568e-08
4.141528851000741461e-08
4.141677108969607354e-08
4.141825366938473247e-08
4.141973624907339140e-08
4.142121882876205033e-08
4.142270140845070265e-08
4.142418398813936158e-08
4.142566656782802051e-08
4.142714914751667944e-08
4.142863172720533837e-08
4.143011430689399730e-08
4.143159688658265623e-08
4.143307946627131517e-08
4.143456204595997410e-08
4.143604462564863303e-08
4.143752720533728534e-08
4.143900978502594427e-08
4.144049236471460320e-08
4.144197494440326213e-08
4.144345752409192107e-08
4.144494010378058000e-08
4.144642268346923893e-08
4.144790526315789786e-08
4.144938784284655679e-08
4.145087042253521572e-08
4.145235300222386803e-08
4.145383558191252697e-08
4.145531816160118590e-08
4.145680074128984483e-08
4.145828332097850376e-08
4.145976590066716269e-08
4.146124848035582162e-08
4.146273106004448055e-08
4.146421363973313948e-08
4.146569621942179841e-08
4.146717879911045073e-08
4.146866137879910966e-08
4.147014395848776859e-08
4.147162653817642752e-08
4.147310911786508645e-08
4.147459169755374538e-08
4.147607427724240431e-08
4.147755685693106325e-08
4.147903943661972218e-08
4.148052201630838111e-08
4.148200459599703342e-08
4.148348717568569235e-08
4.148496975537435128e-08
4.148645233506301021e-08
4.148793491475166915e-08
4.148941749444032808e-08
4.149090007412898701e-08
4.149238265381764594e-08
4.149386523350630487e-08
4.149534781319496380e-08
4.149683039288361611e-08
4.149831297257227505e-08
4.149979555226093398e-08
4.150127813194959291e-08
4.150276071163825184e-08
4.150424329132691077e-08
4.150572587101556970e-08
4.150720845070422863e-08
4.150869103039288756e-08
4.151017361008153988e-08
4.151165618977019881e-08
4.151313876945885774e-08
4.151462134914751667e-08
4.151610392883617560e-08
4.151758650852483453e-08
4.151906908821349346e-08
4.152055166790215239e-08
4.152203424759081133e-08
4.152351682727947026e-08
4.152499940696812257e-08
4.152648198665678150e-08
4.152796456634544043e-08
4.152944714603409936e-08
4.153092972572275829e-08
4.153241230541141723e-08
4.153389488510007616e-08
4.153537746478873509e-08
4.153686004447739402e-08
4.153834262416605295e-08
4.153982520385470526e-08
4.154130778354336419e-08
4.154279036323202313e-08
4.154427294292068206e-08
4.154575552260934099e-08
4.154723810229799992e-08
4.154872068198665885e-08
4.155020326167531778e-08
4.155168584136397671e-08
4.155316842105263564e-08
4.155465100074128796e-08
4.155613358042994689e-08
4.155761616011860582e-08
4.155909873980726475e-08
4.156058131949592368e-08
4.156206389918458261e-08
4.156354647887324154e-08
4.156502905856190047e-08
4.156651163825055941e-08
4.156799421793921834e-08
4.156947679762787065e-08
4.157095937731652958e-08
4.157244195700518851e-08
4.157392453669384744e-08
4.157540711638250637e-08
4.157688969607116531e-08
4.157837227575982424e-08
4.157985485544848317e-08
4.158133743513714210e-08
4.158282001482580103e-08
4.158430259451445334e-08
4.158578517420311227e-08
4.158726775389177121e-08
4.158875033358043014e-08
4.159023291326908907e-08
4.159171549295774800e-08
4.159319807264640693e-08
4.159468065233506586e-08
4.159616323202372479e-08
4.159764581171238372e-08
4.159912839140103604e-08
4.160061097108969497e-08
4.160209355077835390e-08
4.160357613046701283e-08
4.160505871015567176e-08
4.160654128984433069e-08
4.160802386953298962e-08
4.160950644922164855e-08
4.161098902891030749e-08
4.161247160859896642e-08
4.161395418828761873e-08
4.161543676797627766e-08
4.161691934766493659e-08
4.161840192735359552e-08
4.161988450704225445e-08
4.162136708673091339e-08
4.162284966641957232e-08
4.162433224610823125e-08
4.162581482579689018e-08
4.162729740548554911e-08
4.162877998517420142e-08
4.163026256486286035e-08
4.163174514455151929e-08
4.163322772424017822e-08
4.163471030392883715e-08
4.163619288361749608e-08
4.163767546330615501e-08
4.163915804299481394e-08
4.164064062268347287e-08
4.164212320237213180e-08
4.164360578206078412e-08
4.164508836174944305e-08
4.164657094143810198e-08
4.164805352112676091e-08
4.164953610081541984e-08
4.165101868050407877e-08
4.165250126019273770e-08
4.165398383988139663e-08
4.165546641957005557e-08
4.165694899925871450e-08
4.165843157894736681e-08
4.165991415863602574e-08
4.166139673832468467e-08
4.166287931801334360e-08
4.166436189770200253e-08
4.166584447739066147e-08
4.166732705707932040e-08
4.166880963676797933e-08
4.167029221645663826e-08
4.167177479614529057e-08
4.167325737583394950e-08
4.167473995552260843e-08
4.167622253521126737e-08
4.167770511489992630e-08
4.167918769458858523e-08
4.168067027427724416e-08
4.168215285396590309e-08
4.168363543365456202e-08
4.168511801334322095e-08
4.168660059303187988e-08
4.168808317272053220e-08
4.168956575240919113e-08
4.169104833209785006e-08
4.169253091178650899e-08
4.169401349147516792e-08
4.169549607116382685e-08
4.169697865085248578e-08
4.169846123054114471e-08
4.169994381022980365e-08
4.170142638991845596e-08
4.170290896960711489e-08
4.170439154929577382e-08
4.170587412898443275e-08
4.170735670867309168e-08
4.170883928836175061e-08
4.171032186805040955e-08
4.171180444773906848e-08
4.171328702742772741e-08
4.171476960711638634e-08
4.171625218680503865e-08
4.171773476649369758e-08
4.171921734618235651e-08
4.172069992587101545e-08
4.172218250555967438e-08
4.172366508524833331e-08
4.172514766493699224e-08
4.172663024462565117e-08
4.172811282431431010e-08
4.172959540400296903e-08
4.173107798369162135e-08
4.173256056338028028e-08
4.173404314306893921e-08
4.173552572275759814e-08
4.173700830244625707e-08
4.173849088213491600e-08
4.173997346182357493e-08
4.174145604151223386e-08
4.174293862120089279e-08
4.174442120088955173e-08
4.174590378057820404e-08
4.174738636026686297e-08
4.174886893995552190e-08
4.175035151964418083e-08
4.175183409933283976e-08
4.175331667902149869e-08
4.175479925871015763e-08
4.175628183839881656e-08
4.175776441808747549e-08
4.175924699777613442e-08
4.176072957746478673e-08
4.176221215715344566e-08
4.176369473684210460e-08
4.176517731653076353e-08
4.176665989621942246e-08
4.176814247590808139e-08
4.176962505559674032e-08
4.177110763528539925e-08
4.177259021497405818e-08
4.177407279466271711e-08
4.177555537435136943e-08
4.177703795404002836e-08
4.177852053372868729e-08
4.178000311341734622e-08
4.178148569310600515e-08
4.178296827279466408e-08
4.178445085248332301e-08
4.178593343217198194e-08
4.178741601186064087e-08
4.178889859154929981e-08
4.179038117123795212e-08
4.179186375092661105e-08
4.179334633061526998e-08
4.179482891030392891e-08
4.179631148999258784e-08
4.179779406968124678e-08
4.179927664936990571e-08
4.180075922905856464e-08
4.180224180874722357e-08
4.180372438843588250e-08
4.180520696812453481e-08
4.180668954781319374e-08
4.180817212750185268e-08
4.180965470719051161e-08
4.181113728687917054e-08
4.181261986656782947e-08
4.181410244625648840e-08
4.181558502594514733e-08
4.181706760563380626e-08
4.181855018532246519e-08
4.182003276501111751e-08
4.182151534469977644e-08
4.182299792438843537e-08
4.182448050407709430e-08
4.182596308376575323e-08
4.182744566345441216e-08
4.182892824314307109e-08
4.183041082283173002e-08
4.183189340252038895e-08
4.183337598220904127e-08
4.183485856189770020e-08
4.183634114158635913e-08
4.183782372127501806e-08
4.183930630096367699e-08
4.184078888065233592e-08
4.184227146034099486e-08
4.184375404002965379e-08
4.184523661971831272e-08
4.184671919940697165e-08
4.184820177909563058e-08
4.184968435878428289e-08
4.185116693847294182e-08
4.185264951816160076e-08
4.185413209785025969e-08
4.185561467753891862e-08
4.185709725722757755e-08
4.185857983691623648e-08
4.186006241660489541e-08
4.186154499629355434e-08
4.186302757598220666e-08
4.186451015567086559e-08
4.186599273535952452e-08
4.186747531504818345e-08
4.186895789473684238e-08
4.187044047442550131e-08
4.187192305411416024e-08
4.187340563380281917e-08
4.187488821349147810e-08
4.187637079318013704e-08
4.187785337286879597e-08
4.187933595255744828e-08
4.188081853224610721e-08
4.188230111193476614e-08
4.188378369162342507e-08
4.188526627131208400e-08
4.188674885100074294e-08
4.188823143068940187e-08
4.188971401037806080e-08
4.189119659006671973e-08
4.189267916975537204e-08
4.189416174944403097e-08
4.189564432913268990e-08
4.189712690882134884e-08
4.189860948851000777e-08
4.190009206819866670e-08
4.190157464788732563e-08
4.190305722757598456e-08
4.190453980726464349e-08
4.190602238695330242e-08
4.190750496664195474e-08
4.190898754633061367e-08
4.191047012601927260e-08
4.191195270570793153e-08
4.191343528539659046e-08
4.191491786508524939e-08
4.191640044477390832e-08
4.191788302446256725e-08
4.191936560415122618e-08
4.192084818383988512e-08
4.192233076352853743e-08
4.192381334321719636e-08
4.192529592290585529e-08
4.192677850259451422e-08
4.192826108228317315e-08
4.192974366197183208e-08
4.193122624166049102e-08
4.193270882134914995e-08
4.193419140103780888e-08
4.193567398072646781e-08
4.193715656041512012e-08
4.193863914010377905e-08
4.194012171979243798e-08
4.194160429948109692e-08
4.194308687916975585e-08
4.194456945885841478e-08
4.194605203854707371e-08
4.194753461823573264e-08
4.194901719792439157e-08
4.195049977761305050e-08
4.195198235730170282e-08
4.195346493699036175e-08
4.195494751667902068e-08
4.195643009636767961e-08
4.195791267605633854e-08
4.195939525574499747e-08
4.196087783543365640e-08
4.196236041512231533e-08
4.196384299481097426e-08
4.196532557449963320e-08
4.196680815418828551e-08
4.196829073387694444e-08
4.196977331356560337e-08
4.197125589325426230e-08
4.197273847294292123e-08
4.197422105263158016e-08
4.197570363232023910e-08
4.197718621200889803e-08
4.197866879169755696e-08
4.198015137138621589e-08
4.198163395107486820e-08
4.198311653076352713e-08
4.198459911045218606e-08
4.198608169014084500e-08
4.198756426982950393e-08
4.198904684951816286e-08
4.199052942920682179e-08
4.199201200889548072e-08
4.199349458858413965e-08
4.199497716827279858e-08
4.199645974796145090e-08
4.199794232765010983e-08
4.199942490733876876e-08
4.200090748702742769e-08
4.200239006671608662e-08
4.200387264640474555e-08
4.200535522609340448e-08
4.200683780578206341e-08
4.200832038547072234e-08
4.200980296515938128e-08
4.201128554484803359e-08
4.201276812453669252e-08
4.201425070422535145e-08
4.201573328391401038e-08
4.201721586360266931e-08
4.201869844329132824e-08
4.202018102297998718e-08
4.202166360266864611e-08
4.202314618235730504e-08
4.202462876204595735e-08
4.202611134173461628e-08
4.202759392142327521e-08
4.202907650111193414e-08
4.203055908080059308e-08
4.203204166048925201e-08
4.203352424017791094e-08
4.203500681986656987e-08
4.203648939955522880e-08
4.203797197924388773e-08
4.203945455893254666e-08
4.204093713862119898e-08
4.204241971830985791e-08
4.204390229799851684e-08
4.204538487768717577e-08
4.204686745737583470e-08
4.204835003706449363e-08
4.204983261675315256e-08
4.205131519644181149e-08
4.205279777613047042e-08
4.205428035581912274e-08
4.205576293550778167e-08
4.205724551519644060e-08
4.205872809488509953e-08
4.206021067457375846e-08
4.206169325426241739e-08
4.206317583395107632e-08
4.206465841363973526e-08
4.206614099332839419e-08
4.206762357301705312e-08
4.206910615270570543e-08
4.207058873239436436e-08
4.207207131208302329e-08
4.207355389177168222e-08
4.207503647146034116e-08
4.207651905114900009e-08
4.207800163083765902e-08
4.207948421052631795e-08
4.208096679021497688e-08
4.208244936990363581e-08
4.208393194959228812e-08
4.208541452928094706e-08
4.208689710896960599e-08
4.208837968865826492e-08
4.208986226834692385e-08
4.209134484803558278e-08
4.209282742772424171e-08
4.209431000741290064e-08
4.209579258710155957e-08
4.209727516679021850e-08
4.209875774647887082e-08
4.210024032616752975e-08
4.210172290585618868e-08
4.210320548554484761e-08
4.210468806523350654e-08
4.210617064492216547e-08
4.210765322461082440e-08
4.210913580429948334e-08
4.211061838398814227e-08
4.211210096367680120e-08
4.211358354336545351e-08
4.211506612305411244e-08
4.211654870274277137e-08
4.211803128243143030e-08
4.211951386212008924e-08
4.212099644180874817e-08
4.212247902149740710e-08
4.212396160118606603e-08
4.212544418087472496e-08
4.212692676056338389e-08
4.212840934025203620e-08
4.212989191994069514e-08
4.213137449962935407e-08
4.213285707931801300e-08
4.213433965900667193e-08
4.213582223869533086e-08
4.213730481838398979e-08
4.213878739807264872e-08
4.214026997776130765e-08
4.214175255744996658e-08
4.214323513713861890e-08
4.214471771682727783e-08
4.214620029651593676e-08
4.214768287620459569e-08
4.214916545589325462e-08
4.215064803558191355e-08
4.215213061527057248e-08
4.215361319495923142e-08
4.215509577464789035e-08
4.215657835433654928e-08
4.215806093402520159e-08
4.215954351371386052e-08
4.216102609340251945e-08
4.216250867309117838e-08
4.216399125277983732e-08
4.216547383246849625e-08
4.216695641215715518e-08
4.216843899184581411e-08
4.216992157153447304e-08
4.217140415122313197e-08
4.217288673091178429e-08
4.217436931060044322e-08
4.217585189028910215e-08
4.217733446997776108e-08
4.217881704966642001e-08
4.218029962935507894e-08
4.218178220904373787e-08
4.218326478873239680e-08
4.218474736842105573e-08
4.218622994810970805e-08
4.218771252779836698e-08
4.218919510748702591e-08
4.219067768717568484e-08
4.219216026686434377e-08
4.219364284655300270e-08
4.219512542624166163e-08
4.219660800593032056e-08
4.219809058561897950e-08
4.219957316530763843e-08
4.220105574499629736e-08
4.220253832468494967e-08
4.220402090437360860e-08
4.220550348406226753e-08
4.220698606375092647e-08
4.220846864343958540e-08
4.220995122312824433e-08
4.221143380281690326e-08
4.221291638250556219e-08
4.221439896219422112e-08
4.221588154188287343e-08
4.221736412157153237e-08
4.221884670126019130e-08
4.222032928094885023e-08
4.222181186063750916e-08
4.222329444032616809e-08
4.222477702001482702e-08
4.222625959970348595e-08
4.222774217939214488e-08
4.222922475908080381e-08
4.223070733876946274e-08
4.223218991845811506e-08
4.223367249814677399e-08
4.223515507783543292e-08
4.223663765752409185e-08
4.223812023721275078e-08
4.223960281690140971e-08
4.224108539659006865e-08
4.224256797627872758e-08
4.224405055596738651e-08
4.224553313565603882e-08
4.224701571534469775e-08
4.224849829503335668e-08
4.224998087472201561e-08
4.225146345441067455e-08
4.225294603409933348e-08
4.225442861378799241e-08
4.225591119347665134e-08
4.225739377316531027e-08
4.225887635285396920e-08
4.226035893254262151e-08
4.226184151223128045e-08
4.226332409191993938e-08
4.226480667160859831e-08
4.226628925129725724e-08
4.226777183098591617e-08
4.226925441067457510e-08
4.227073699036323403e-08
4.227221957005189296e-08
4.227370214974055189e-08
4.227518472942920421e-08
4.227666730911786314e-08
4.227814988880652207e-08
4.227963246849518100e-08
4.228111504818383993e-08
4.228259762787249886e-08
4.228408020756115779e-08
4.228556278724981673e-08
4.228704536693847566e-08
4.228852794662713459e-08
4.229001052631578690e-08
4.229149310600444583e-08
4.229297568569310476e-08
4.229445826538176369e-08
4.229594084507042263e-08
4.229742342475908156e-08
4.229890600444774049e-08
4.230038858413639942e-08
4.230187116382505835e-08
4.230335374351371728e-08
4.230483632320236959e-08
4.230631890289102853e-08
4.230780148257968746e-08
4.230928406226834639e-08
4.231076664195700532e-08
4.231224922164566425e-08
4.231373180133432318e-08
4.231521438102298211e-08
4.231669696071164104e-08
4.231817954040029997e-08
4.231966212008895229e-08
4.232114469977761122e-08
4.232262727946627015e-08
4.232410985915492908e-08
4.232559243884358801e-08
4.232707501853224694e-08
4.232855759822090587e-08
4.233004017790956481e-08
4.233152275759822374e-08
4.233300533728688267e-08
4.233448791697553498e-08
4.233597049666419391e-08
4.233745307635285284e-08
4.233893565604151177e-08
4.234041823573017071e-08
4.234190081541882964e-08
4.234338339510748857e-08
4.234486597479614750e-08
4.234634855448480643e-08
4.234783113417346536e-08
4.234931371386211767e-08
4.235079629355077661e-08
4.235227887323943554e-08
4.235376145292809447e-08
4.235524403261675340e-08
4.235672661230541233e-08
4.235820919199407126e-08
4.235969177168273019e-08
4.236117435137138912e-08
4.236265693106004805e-08
4.236413951074870037e-08
4.236562209043735930e-08
4.236710467012601823e-08
4.236858724981467716e-08
4.237006982950333609e-08
4.237155240919199502e-08
4.237303498888065395e-08
4.237451756856931289e-08
4.237600014825797182e-08
4.237748272794662413e-08
4.237896530763528306e-08
4.238044788732394199e-08
4.238193046701260092e-08
4.238341304670125985e-08
4.238489562638991879e-08
4.238637820607857772e-08
4.238786078576723665e-08
4.238934336545589558e-08
4.239082594514455451e-08
4.239230852483321344e-08
4.239379110452186575e-08
4.239527368421052469e-08
4.239675626389918362e-08
4.239823884358784255e-08
4.239972142327650148e-08
4.240120400296516041e-08
4.240268658265381934e-08
4.240416916234247827e-08
4.240565174203113720e-08
4.240713432171978952e-08
4.240861690140844845e-08
4.241009948109710738e-08
4.241158206078576631e-08
4.241306464047442524e-08
4.241454722016308417e-08
4.241602979985174310e-08
4.241751237954040203e-08
4.241899495922906097e-08
4.242047753891771990e-08
4.242196011860637221e-08
4.242344269829503114e-08
4.242492527798369007e-08
4.242640785767234900e-08
4.242789043736100793e-08
4.242937301704966687e-08
4.243085559673832580e-08
4.243233817642698473e-08
4.243382075611564366e-08
4.243530333580430259e-08
4.243678591549295490e-08
4.243826849518161383e-08
4.243975107487027277e-08
4.244123365455893170e-08
4.244271623424759063e-08
4.244419881393624956e-08
4.244568139362490849e-08
4.244716397331356742e-08
4.244864655300222635e-08
4.245012913269088528e-08
4.245161171237953760e-08
4.245309429206819653e-08
4.245457687175685546e-08
4.245605945144551439e-08
4.245754203113417332e-08
4.245902461082283225e-08
4.246050719051149118e-08
4.246198977020015011e-08
4.246347234988880905e-08
4.246495492957746798e-08
4.246643750926612029e-08
4.246792008895477922e-08
4.246940266864343815e-08
4.247088524833209708e-08
4.247236782802075601e-08
4.247385040770941495e-08
4.247533298739807388e-08
4.247681556708673281e-08
4.247829814677539174e-08
4.247978072646405067e-08
4.248126330615270298e-08
4.248274588584136191e-08
4.248422846553002085e-08
4.248571104521867978e-08
4.248719362490733871e-08
4.248867620459599764e-08
4.249015878428465657e-08
4.249164136397331550e-08
4.249312394366197443e-08
4.249460652335063336e-08
4.249608910303928568e-08
4.249757168272794461e-08
4.249905426241660354e-08
4.250053684210526247e-08
4.250201942179392140e-08
4.250350200148258033e-08
4.250498458117123926e-08
4.250646716085989819e-08
4.250794974054855713e-08
4.250943232023721606e-08
4.251091489992586837e-08
4.251239747961452730e-08
4.251388005930318623e-08
4.251536263899184516e-08
4.251684521868050409e-08
4.251832779836916303e-08
4.251981037805782196e-08
4.252129295774648089e-08
4.252277553743513982e-08
4.252425811712379875e-08
4.252574069681245106e-08
4.252722327650110999e-08
4.252870585618976893e-08
4.253018843587842786e-08
4.253167101556708679e-08
4.253315359525574572e-08
4.253463617494440465e-08
4.253611875463306358e-08
4.253760133432172251e-08
4.253908391401037483e-08
4.254056649369903376e-08
4.254204907338769269e-08
4.254353165307635162e-08
4.254501423276501055e-08
4.254649681245366948e-08
4.254797939214232841e-08
4.254946197183098734e-08
4.255094455151964627e-08
4.255242713120830521e-08
4.255390971089696414e-08
4.255539229058561645e-08
4.255687487027427538e-08
4.255835744996293431e-08
4.255984002965159324e-08
4.256132260934025217e-08
4.256280518902891111e-08
4.256428776871757004e-08
4.256577034840622897e-08
4.256725292809488790e-08
4.256873550778354021e-08
4.257021808747219914e-08
4.257170066716085808e-08
4.257318324684951701e-08
4.257466582653817594e-08
4.257614840622683487e-08
4.257763098591549380e-08
4.257911356560415273e-08
4.258059614529281166e-08
4.258207872498147059e-08
4.258356130467012952e-08
4.258504388435878184e-08
4.258652646404744077e-08
4.258800904373609970e-08
4.258949162342475863e-08
4.259097420311341756e-08
4.259245678280207649e-08
4.259393936249073542e-08
4.259542194217939435e-08
4.259690452186805329e-08
4.259838710155670560e-08
4.259986968124536453e-08
4.260135226093402346e-08
4.260283484062268239e-08
4.260431742031134132e-08
4.260580000000000026e-08
