3.748990000000000141e-08
3.749138257968866034e-08
3.749286515937731927e-08
3.749434773906597820e-08
3.749583031875463713e-08
3.749731289844328945e-08
3.749879547813194838e-08
3.750027805782060731e-08
3.750176063750926624e-08
3.750324321719792517e-08
3.750472579688658410e-08
3.750620837657524303e-08
3.750769095626390196e-08
3.750917353595256090e-08
3.751065611564121983e-08
3.751213869532987214e-08
3.751362127501853107e-08
3.751510385470719000e-08
3.751658643439584893e-08
3.751806901408450786e-08
3.751955159377316680e-08
3.752103417346182573e-08
3.752251675315048466e-08
3.752399933283914359e-08
3.752548191252780252e-08
3.752696449221645483e-08
3.752844707190511376e-08
3.752992965159377270e-08
3.753141223128243163e-08
3.753289481097109056e-08
3.753437739065974949e-08
3.753585997034840842e-08
3.753734255003706735e-08
3.753882512972572628e-08
3.754030770941438521e-08
3.754179028910303753e-08
3.754327286879169646e-08
3.754475544848035539e-08
3.754623802816901432e-08
3.754772060785767325e-08
3.754920318754633218e-08
3.755068576723499111e-08
3.755216834692365004e-08
3.755365092661230898e-08
3.755513350630096791e-08
3.755661608598962022e-08
3.755809866567827915e-08
3.755958124536693808e-08
3.756106382505559701e-08
3.756254640474425594e-08
3.756402898443291488e-08
3.756551156412157381e-08
3.756699414381023274e-08
3.756847672349889167e-08
3.756995930318755060e-08
3.757144188287620291e-08
3.757292446256486184e-08
3.757440704225352078e-08
3.757588962194217971e-08
3.757737220163083864e-08
3.757885478131949757e-08
3.758033736100815650e-08
3.758181994069681543e-08
3.758330252038547436e-08
3.758478510007413329e-08
3.758626767976278561e-08
3.758775025945144454e-08
3.758923283914010347e-08
3.759071541882876240e-08
3.759219799851742133e-08
3.759368057820608026e-08
3.759516315789473919e-08
3.759664573758339812e-08
3.759812831727205706e-08
3.759961089696071599e-08
3.760109347664936830e-08
3.760257605633802723e-08
3.760405863602668616e-08
3.760554121571534509e-08
3.760702379540400402e-08
3.760850637509266296e-08
3.760998895478132189e-08
3.761147153446998082e-08
3.761295411415863975e-08
3.761443669384729868e-08
3.761591927353595099e-08
3.761740185322460992e-08
3.761888443291326886e-08
3.762036701260192779e-08
3.762184959229058672e-08
3.762333217197924565e-08
3.762481475166790458e-08
3.762629733135656351e-08
3.762777991104522244e-08
3.762926249073388137e-08
3.763074507042253369e-08
3.763222765011119262e-08
3.763371022979985155e-08
3.763519280948851048e-08
3.763667538917716941e-08
3.763815796886582834e-08
3.763964054855448727e-08
3.764112312824314620e-08
3.764260570793180514e-08
3.764408828762046407e-08
3.764557086730911638e-08
3.764705344699777531e-08
3.764853602668643424e-08
3.765001860637509317e-08
3.765150118606375210e-08
3.765298376575241104e-08
3.765446634544106997e-08
3.765594892512972890e-08
3.765743150481838783e-08
3.765891408450704676e-08
3.766039666419569907e-08
3.766187924388435800e-08
3.766336182357301694e-08
3.766484440326167587e-08
3.766632698295033480e-08
3.766780956263899373e-08
3.766929214232765266e-08
3.767077472201631159e-08
3.767225730170497052e-08
3.767373988139362284e-08
3.767522246108228177e-08
3.767670504077094070e-08
3.767818762045959963e-08
3.767967020014825856e-08
3.768115277983691749e-08
3.768263535952557642e-08
3.768411793921423535e-08
3.768560051890289428e-08
3.768708309859155322e-08
3.768856567828020553e-08
3.769004825796886446e-08
3.769153083765752339e-08
3.769301341734618232e-08
3.769449599703484125e-08
3.769597857672350018e-08
3.769746115641215912e-08
3.769894373610081805e-08
3.770042631578947698e-08
3.770190889547813591e-08
3.770339147516678822e-08
3.770487405485544715e-08
3.770635663454410609e-08
3.770783921423276502e-08
3.770932179392142395e-08
3.771080437361008288e-08
3.771228695329874181e-08
3.771376953298740074e-08
3.771525211267605967e-08
3.771673469236471860e-08
3.771821727205337092e-08
3.771969985174202985e-08
3.772118243143068878e-08
3.772266501111934771e-08
3.772414759080800664e-08
3.772563017049666557e-08
3.772711275018532450e-08
3.772859532987398343e-08
3.773007790956264236e-08
3.773156048925130130e-08
3.773304306893995361e-08
3.773452564862861254e-08
3.773600822831727147e-08
3.773749080800593040e-08
3.773897338769458933e-08
3.774045596738324827e-08
3.774193854707190720e-08
3.774342112676056613e-08
3.774490370644922506e-08
3.774638628613788399e-08
3.774786886582653630e-08
3.774935144551519523e-08
3.775083402520385417e-08
3.775231660489251310e-08
3.775379918458117203e-08
3.775528176426983096e-08
3.775676434395848989e-08
3.775824692364714882e-08
3.775972950333580775e-08
3.776121208302446668e-08
3.776269466271311900e-08
3.776417724240177793e-08
3.776565982209043686e-08
3.776714240177909579e-08
3.776862498146775472e-08
3.777010756115641365e-08
3.777159014084507258e-08
3.777307272053373151e-08
3.777455530022239045e-08
3.777603787991104938e-08
3.777752045959970169e-08
3.777900303928836062e-08
3.778048561897701955e-08
3.778196819866567848e-08
3.778345077835433741e-08
3.778493335804299635e-08
3.778641593773165528e-08
3.778789851742031421e-08
3.778938109710897314e-08
3.779086367679763207e-08
3.779234625648628438e-08
3.779382883617494331e-08
3.779531141586360225e-08
3.779679399555226118e-08
3.779827657524092011e-08
3.779975915492957904e-08
3.780124173461823797e-08
3.780272431430689690e-08
3.780420689399555583e-08
3.780568947368421476e-08
3.780717205337286708e-08
3.780865463306152601e-08
3.781013721275018494e-08
3.781161979243884387e-08
3.781310237212750280e-08
3.781458495181616173e-08
3.781606753150482066e-08
3.781755011119347959e-08
3.781903269088213853e-08
3.782051527057079746e-08
3.782199785025944977e-08
3.782348042994810870e-08
3.782496300963676763e-08
3.782644558932542656e-08
3.782792816901408549e-08
3.782941074870274443e-08
3.783089332839140336e-08
3.783237590808006229e-08
3.783385848776872122e-08
3.783534106745738015e-08
3.783682364714603246e-08
3.783830622683469139e-08
3.783978880652335033e-08
3.784127138621200926e-08
3.784275396590066819e-08
3.784423654558932712e-08
3.784571912527798605e-08
3.784720170496664498e-08
3.784868428465530391e-08
3.785016686434396284e-08
3.785164944403261516e-08
3.785313202372127409e-08
3.785461460340993302e-08
3.785609718309859195e-08
3.785757976278725088e-08
3.785906234247590981e-08
3.786054492216456874e-08
3.786202750185322767e-08
3.786351008154188661e-08
3.786499266123053892e-08
3.786647524091919785e-08
3.786795782060785678e-08
3.786944040029651571e-08
3.787092297998517464e-08
3.787240555967383357e-08
3.787388813936249251e-08
3.787537071905115144e-08
3.787685329873981037e-08
3.787833587842846930e-08
3.787981845811712161e-08
3.788130103780578054e-08
3.788278361749443947e-08
3.788426619718309841e-08
3.788574877687175734e-08
3.788723135656041627e-08
3.788871393624907520e-08
3.789019651593773413e-08
3.789167909562639306e-08
3.789316167531505199e-08
3.789464425500370431e-08
3.789612683469236324e-08
3.789760941438102217e-08
3.789909199406968110e-08
3.790057457375834003e-08
3.790205715344699896e-08
3.790353973313565789e-08
3.790502231282431682e-08
3.790650489251297575e-08
3.790798747220163469e-08
3.790947005189028700e-08
3.791095263157894593e-08
3.791243521126760486e-08
3.791391779095626379e-08
3.791540037064492272e-08
3.791688295033358165e-08
3.791836553002224059e-08
3.791984810971089952e-08
3.792133068939955845e-08
3.792281326908821738e-08
3.792429584877686969e-08
3.792577842846552862e-08
3.792726100815418755e-08
3.792874358784284649e-08
3.793022616753150542e-08
3.793170874722016435e-08
3.793319132690882328e-08
3.793467390659748221e-08
3.793615648628614114e-08
3.793763906597480007e-08
3.793912164566345239e-08
3.794060422535211132e-08
3.794208680504077025e-08
3.794356938472942918e-08
3.794505196441808811e-08
3.794653454410674704e-08
3.794801712379540597e-08
3.794949970348406490e-08
3.795098228317272383e-08
3.795246486286138277e-08
3.795394744255003508e-08
3.795543002223869401e-08
3.795691260192735294e-08
3.795839518161601187e-08
3.795987776130467080e-08
3.796136034099332973e-08
3.796284292068198867e-08
3.796432550037064760e-08
3.796580808005930653e-08
3.796729065974796546e-08
3.796877323943661777e-08
3.797025581912527670e-08
3.797173839881393563e-08
3.797322097850259457e-08
3.797470355819125350e-08
3.797618613787991243e-08
3.797766871756857136e-08
3.797915129725723029e-08
3.798063387694588922e-08
3.798211645663454815e-08
3.798359903632320047e-08
3.798508161601185940e-08
3.798656419570051833e-08
3.798804677538917726e-08
3.798952935507783619e-08
3.799101193476649512e-08
3.799249451445515405e-08
3.799397709414381298e-08
3.799545967383247191e-08
3.799694225352113085e-08
3.799842483320978316e-08
3.799990741289844209e-08
3.800138999258710102e-08
3.800287257227575995e-08
3.800435515196441888e-08
3.800583773165307781e-08
3.800732031134173675e-08
3.800880289103039568e-08
3.801028547071905461e-08
3.801176805040771354e-08
3.801325063009636585e-08
3.801473320978502478e-08
3.801621578947368371e-08
3.801769836916234265e-08
3.801918094885100158e-08
3.802066352853966051e-08
3.802214610822831944e-08
3.802362868791697837e-08
3.802511126760563730e-08
3.802659384729428961e-08
3.802807642698294855e-08
3.802955900667160748e-08
3.803104158636026641e-08
3.803252416604892534e-08
3.803400674573758427e-08
3.803548932542624320e-08
3.803697190511490213e-08
3.803845448480356106e-08
3.803993706449221999e-08
3.804141964418087231e-08
3.804290222386953124e-08
3.804438480355819017e-08
3.804586738324684910e-08
3.804734996293550803e-08
3.804883254262416696e-08
3.805031512231282589e-08
3.805179770200148483e-08
3.805328028169014376e-08
3.805476286137880269e-08
3.805624544106745500e-08
3.805772802075611393e-08
3.805921060044477286e-08
3.806069318013343179e-08
3.806217575982209073e-08
3.806365833951074966e-08
3.806514091919940859e-08
3.806662349888806752e-08
3.806810607857672645e-08
3.806958865826538538e-08
3.807107123795403770e-08
3.807255381764269663e-08
3.807403639733135556e-08
3.807551897702001449e-08
3.807700155670867342e-08
3.807848413639733235e-08
3.807996671608599128e-08
3.808144929577465021e-08
3.808293187546330914e-08
3.808441445515196807e-08
3.808589703484062039e-08
3.808737961452927932e-08
3.808886219421793825e-08
3.809034477390659718e-08
3.809182735359525611e-08
3.809330993328391504e-08
3.809479251297257397e-08
3.809627509266123291e-08
3.809775767234989184e-08
3.809924025203855077e-08
3.810072283172720308e-08
3.810220541141586201e-08
3.810368799110452094e-08
3.810517057079317988e-08
3.810665315048183881e-08
3.810813573017049774e-08
3.810961830985915667e-08
3.811110088954781560e-08
3.811258346923647453e-08
3.811406604892513346e-08
3.811554862861378578e-08
3.811703120830244471e-08
3.811851378799110364e-08
3.811999636767976257e-08
3.812147894736842150e-08
3.812296152705708043e-08
3.812444410674573936e-08
3.812592668643439829e-08
3.812740926612305722e-08
3.812889184581171615e-08
3.813037442550036847e-08
3.813185700518902740e-08
3.813333958487768633e-08
3.813482216456634526e-08
3.813630474425500419e-08
3.813778732394366312e-08
3.813926990363232206e-08
3.814075248332098099e-08
3.814223506300963992e-08
3.814371764269829885e-08
3.814520022238695116e-08
3.814668280207561009e-08
3.814816538176426902e-08
3.814964796145292796e-08
3.815113054114158689e-08
3.815261312083024582e-08
3.815409570051890475e-08
3.815557828020756368e-08
3.815706085989622261e-08
3.815854343958488154e-08
3.816002601927353386e-08
3.816150859896219279e-08
3.816299117865085172e-08
3.816447375833951065e-08
3.816595633802816958e-08
3.816743891771682851e-08
3.816892149740548744e-08
3.817040407709414637e-08
3.817188665678280530e-08
3.817336923647146424e-08
3.817485181616011655e-08
3.817633439584877548e-08
3.817781697553743441e-08
3.817929955522609334e-08
3.818078213491475227e-08
3.818226471460341120e-08
3.818374729429207014e-08
3.818522987398072907e-08
3.818671245366938800e-08
3.818819503335804693e-08
3.818967761304669924e-08
3.819116019273535817e-08
3.819264277242401710e-08
3.819412535211267604e-08
3.819560793180133497e-08
3.819709051148999390e-08
3.819857309117865283e-08
3.820005567086731176e-08
3.820153825055597069e-08
3.820302083024462962e-08
3.820450340993328194e-08
3.820598598962194087e-08
3.820746856931059980e-08
3.820895114899925873e-08
3.821043372868791766e-08
3.821191630837657659e-08
3.821339888806523552e-08
3.821488146775389445e-08
3.821636404744255338e-08
3.821784662713120570e-08
3.821932920681986463e-08
3.822081178650852356e-08
3.822229436619718249e-08
3.822377694588584142e-08
3.822525952557450035e-08
3.822674210526315928e-08
3.822822468495181822e-08
3.822970726464047715e-08
3.823118984432913608e-08
3.823267242401778839e-08
3.823415500370644732e-08
3.823563758339510625e-08
3.823712016308376518e-08
3.823860274277242412e-08
3.824008532246108305e-08
3.824156790214974198e-08
3.824305048183840091e-08
3.824453306152705984e-08
3.824601564121571877e-08
3.824749822090437108e-08
3.824898080059303002e-08
3.825046338028168895e-08
3.825194595997034788e-08
3.825342853965900681e-08
3.825491111934766574e-08
3.825639369903632467e-08
3.825787627872498360e-08
3.825935885841364253e-08
3.826084143810230146e-08
3.826232401779095378e-08
3.826380659747961271e-08
3.826528917716827164e-08
3.826677175685693057e-08
3.826825433654558950e-08
3.826973691623424843e-08
3.827121949592290736e-08
3.827270207561156630e-08
3.827418465530022523e-08
3.827566723498888416e-08
3.827714981467753647e-08
3.827863239436619540e-08
3.828011497405485433e-08
3.828159755374351326e-08
3.828308013343217220e-08
3.828456271312083113e-08
3.828604529280949006e-08
3.828752787249814899e-08
3.828901045218680792e-08
3.829049303187546685e-08
3.829197561156411916e-08
3.829345819125277810e-08
3.829494077094143703e-08
3.829642335063009596e-08
3.829790593031875489e-08
3.829938851000741382e-08
3.830087108969607275e-08
3.830235366938473168e-08
3.830383624907339061e-08
3.830531882876204954e-08
3.830680140845070186e-08
3.830828398813936079e-08
3.830976656782801972e-08
3.831124914751667865e-08
3.831273172720533758e-08
3.831421430689399651e-08
3.831569688658265544e-08
3.831717946627131438e-08
3.831866204595997331e-08
3.832014462564863224e-08
3.832162720533728455e-08
3.832310978502594348e-08
3.832459236471460241e-08
3.832607494440326134e-08
3.832755752409192028e-08
3.832904010378057921e-08
3.833052268346923814e-08
3.833200526315789707e-08
3.833348784284655600e-08
3.833497042253521493e-08
3.833645300222386724e-08
3.833793558191252618e-08
3.833941816160118511e-08
3.834090074128984404e-08
3.834238332097850297e-08
3.834386590066716190e-08
3.834534848035582083e-08
3.834683106004447976e-08
3.834831363973313869e-08
3.834979621942179762e-08
3.835127879911044994e-08
3.835276137879910887e-08
3.835424395848776780e-08
3.835572653817642673e-08
3.835720911786508566e-08
3.835869169755374459e-08
3.836017427724240352e-08
3.836165685693106246e-08
3.836313943661972139e-08
3.836462201630838032e-08
3.836610459599703263e-08
3.836758717568569156e-08
3.836906975537435049e-08
3.837055233506300942e-08
3.837203491475166836e-08
3.837351749444032729e-08
3.837500007412898622e-08
3.837648265381764515e-08
3.837796523350630408e-08
3.837944781319495639e-08
3.838093039288361532e-08
3.838241297257227426e-08
3.838389555226093319e-08
3.838537813194959212e-08
3.838686071163825105e-08
3.838834329132690998e-08
3.838982587101556891e-08
3.839130845070422784e-08
3.839279103039288677e-08
3.839427361008154570e-08
3.839575618977019802e-08
3.839723876945885695e-08
3.839872134914751588e-08
3.840020392883617481e-08
3.840168650852483374e-08
3.840316908821349267e-08
3.840465166790215160e-08
3.840613424759081054e-08
3.840761682727946947e-08
3.840909940696812178e-08
3.841058198665678071e-08
3.841206456634543964e-08
3.841354714603409857e-08
3.841502972572275750e-08
3.841651230541141644e-08
3.841799488510007537e-08
3.841947746478873430e-08
3.842096004447739323e-08
3.842244262416605216e-08
3.842392520385470447e-08
3.842540778354336340e-08
3.842689036323202234e-08
3.842837294292068127e-08
3.842985552260934020e-08
3.843133810229799913e-08
3.843282068198665806e-08
3.843430326167531699e-08
3.843578584136397592e-08
3.843726842105263485e-08
3.843875100074128717e-08
3.844023358042994610e-08
3.844171616011860503e-08
3.844319873980726396e-08
3.844468131949592289e-08
3.844616389918458182e-08
3.844764647887324075e-08
3.844912905856189968e-08
3.845061163825055862e-08
3.845209421793921755e-08
3.845357679762786986e-08
3.845505937731652879e-08
3.845654195700518772e-08
3.845802453669384665e-08
3.845950711638250558e-08
3.846098969607116452e-08
3.846247227575982345e-08
3.846395485544848238e-08
3.846543743513714131e-08
3.846692001482580024e-08
3.846840259451445255e-08
3.846988517420311148e-08
3.847136775389177042e-08
3.847285033358042935e-08
3.847433291326908828e-08
3.847581549295774721e-08
3.847729807264640614e-08
3.847878065233506507e-08
3.848026323202372400e-08
3.848174581171238293e-08
3.848322839140103525e-08
3.848471097108969418e-08
3.848619355077835311e-08
3.848767613046701204e-08
3.848915871015567097e-08
3.849064128984432990e-08
3.849212386953298883e-08
3.849360644922164776e-08
3.849508902891030670e-08
3.849657160859896563e-08
3.849805418828761794e-08
3.849953676797627687e-08
3.850101934766493580e-08
3.850250192735359473e-08
3.850398450704225366e-08
3.850546708673091260e-08
3.850694966641957153e-08
3.850843224610823046e-08
3.850991482579688939e-08
3.851139740548554832e-08
3.851287998517420063e-08
3.851436256486285957e-08
3.851584514455151850e-08
3.851732772424017743e-08
3.851881030392883636e-08
3.852029288361749529e-08
3.852177546330615422e-08
3.852325804299481315e-08
3.852474062268347208e-08
3.852622320237213101e-08
3.852770578206078333e-08
3.852918836174944226e-08
3.853067094143810119e-08
3.853215352112676012e-08
3.853363610081541905e-08
3.853511868050407798e-08
3.853660126019273691e-08
3.853808383988139584e-08
3.853956641957005478e-08
3.854104899925870709e-08
3.854253157894736602e-08
3.854401415863602495e-08
3.854549673832468388e-08
3.854697931801334281e-08
3.854846189770200175e-08
3.854994447739066068e-08
3.855142705707931961e-08
3.855290963676797854e-08
3.855439221645663747e-08
3.855587479614529640e-08
3.855735737583394871e-08
3.855883995552260765e-08
3.856032253521126658e-08
3.856180511489992551e-08
3.856328769458858444e-08
3.856477027427724337e-08
3.856625285396590230e-08
3.856773543365456123e-08
3.856921801334322016e-08
3.857070059303187248e-08
3.857218317272053141e-08
3.857366575240919034e-08
3.857514833209784927e-08
3.857663091178650820e-08
3.857811349147516713e-08
3.857959607116382606e-08
3.858107865085248499e-08
3.858256123054114393e-08
3.858404381022980286e-08
3.858552638991846179e-08
3.858700896960711410e-08
3.858849154929577303e-08
3.858997412898443196e-08
3.859145670867309089e-08
3.859293928836174983e-08
3.859442186805040876e-08
3.859590444773906769e-08
3.859738702742772662e-08
3.859886960711638555e-08
3.860035218680503786e-08
3.860183476649369679e-08
3.860331734618235573e-08
3.860479992587101466e-08
3.860628250555967359e-08
3.860776508524833252e-08
3.860924766493699145e-08
3.861073024462565038e-08
3.861221282431430931e-08
3.861369540400296824e-08
3.861517798369162056e-08
3.861666056338027949e-08
3.861814314306893842e-08
3.861962572275759735e-08
3.862110830244625628e-08
3.862259088213491521e-08
3.862407346182357414e-08
3.862555604151223307e-08
3.862703862120089201e-08
3.862852120088955094e-08
3.863000378057820325e-08
3.863148636026686218e-08
3.863296893995552111e-08
3.863445151964418004e-08
3.863593409933283897e-08
3.863741667902149791e-08
3.863889925871015684e-08
3.864038183839881577e-08
3.864186441808747470e-08
3.864334699777613363e-08
3.864482957746478594e-08
3.864631215715344487e-08
3.864779473684210381e-08
3.864927731653076274e-08
3.865075989621942167e-08
3.865224247590808060e-08
3.865372505559673953e-08
3.865520763528539846e-08
3.865669021497405739e-08
3.865817279466271632e-08
3.865965537435136864e-08
3.866113795404002757e-08
3.866262053372868650e-08
3.866410311341734543e-08
3.866558569310600436e-08
3.866706827279466329e-08
3.866855085248332222e-08
3.867003343217198115e-08
3.867151601186064009e-08
3.867299859154929902e-08
3.867448117123795133e-08
3.867596375092661026e-08
3.867744633061526919e-08
3.867892891030392812e-08
3.868041148999258705e-08
3.868189406968124599e-08
3.868337664936990492e-08
3.868485922905856385e-08
3.868634180874722278e-08
3.868782438843588171e-08
3.868930696812453402e-08
3.869078954781319295e-08
3.869227212750185189e-08
3.869375470719051082e-08
3.869523728687916975e-08
3.869671986656782868e-08
3.869820244625648761e-08
3.869968502594514654e-08
3.870116760563380547e-08
3.870265018532246440e-08
3.870413276501111672e-08
3.870561534469977565e-08
3.870709792438843458e-08
3.870858050407709351e-08
3.871006308376575244e-08
3.871154566345441137e-08
3.871302824314307030e-08
3.871451082283172923e-08
3.871599340252038817e-08
3.871747598220904710e-08
3.871895856189769941e-08
3.872044114158635834e-08
3.872192372127501727e-08
3.872340630096367620e-08
3.872488888065233513e-08
3.872637146034099407e-08
3.872785404002965300e-08
3.872933661971831193e-08
3.873081919940697086e-08
3.873230177909562317e-08
3.873378435878428210e-08
3.873526693847294103e-08
3.873674951816159997e-08
3.873823209785025890e-08
3.873971467753891783e-08
3.874119725722757676e-08
3.874267983691623569e-08
3.874416241660489462e-08
3.874564499629355355e-08
3.874712757598221248e-08
3.874861015567086480e-08
3.875009273535952373e-08
3.875157531504818266e-08
3.875305789473684159e-08
3.875454047442550052e-08
3.875602305411415945e-08
3.875750563380281838e-08
3.875898821349147731e-08
3.876047079318013625e-08
3.876195337286878856e-08
3.876343595255744749e-08
3.876491853224610642e-08
3.876640111193476535e-08
3.876788369162342428e-08
3.876936627131208321e-08
3.877084885100074215e-08
3.877233143068940108e-08
3.877381401037806001e-08
3.877529659006671894e-08
3.877677916975537125e-08
3.877826174944403018e-08
3.877974432913268911e-08
3.878122690882134805e-08
3.878270948851000698e-08
3.878419206819866591e-08
3.878567464788732484e-08
3.878715722757598377e-08
3.878863980726464270e-08
3.879012238695330163e-08
3.879160496664195395e-08
3.879308754633061288e-08
3.879457012601927181e-08
3.879605270570793074e-08
3.879753528539658967e-08
3.879901786508524860e-08
3.880050044477390753e-08
3.880198302446256646e-08
3.880346560415122539e-08
3.880494818383988433e-08
3.880643076352853664e-08
3.880791334321719557e-08
3.880939592290585450e-08
3.881087850259451343e-08
3.881236108228317236e-08
3.881384366197183129e-08
3.881532624166049023e-08
3.881680882134914916e-08
3.881829140103780809e-08
3.881977398072646702e-08
3.882125656041511933e-08
3.882273914010377826e-08
3.882422171979243719e-08
3.882570429948109613e-08
3.882718687916975506e-08
3.882866945885841399e-08
3.883015203854707292e-08
3.883163461823573185e-08
3.883311719792439078e-08
3.883459977761304971e-08
3.883608235730170203e-08
3.883756493699036096e-08
3.883904751667901989e-08
3.884053009636767882e-08
3.884201267605633775e-08
3.884349525574499668e-08
3.884497783543365561e-08
3.884646041512231454e-08
3.884794299481097347e-08
3.884942557449963241e-08
3.885090815418828472e-08
3.885239073387694365e-08
3.885387331356560258e-08
3.885535589325426151e-08
3.885683847294292044e-08
3.885832105263157937e-08
3.885980363232023831e-08
3.886128621200889724e-08
3.886276879169755617e-08
3.886425137138621510e-08
3.886573395107486741e-08
3.886721653076352634e-08
3.886869911045218527e-08
3.887018169014084421e-08
3.887166426982950314e-08
3.887314684951816207e-08
3.887462942920682100e-08
3.887611200889547993e-08
3.887759458858413886e-08
3.887907716827279779e-08
3.888055974796145011e-08
3.888204232765010904e-08
3.888352490733876797e-08
3.888500748702742690e-08
3.888649006671608583e-08
3.888797264640474476e-08
3.888945522609340369e-08
3.889093780578206262e-08
3.889242038547072155e-08
3.889390296515937387e-08
3.889538554484803280e-08
3.889686812453669173e-08
3.889835070422535066e-08
3.889983328391400959e-08
3.890131586360266852e-08
3.890279844329132745e-08
3.890428102297998639e-08
3.890576360266864532e-08
3.890724618235730425e-08
3.890872876204596318e-08
3.891021134173461549e-08
3.891169392142327442e-08
3.891317650111193336e-08
3.891465908080059229e-08
3.891614166048925122e-08
3.891762424017791015e-08
3.891910681986656908e-08
3.892058939955522801e-08
3.892207197924388694e-08
3.892355455893253926e-08
3.892503713862119819e-08
3.892651971830985712e-08
3.892800229799851605e-08
3.892948487768717498e-08
3.893096745737583391e-08
3.893245003706449284e-08
3.893393261675315177e-08
3.893541519644181070e-08
3.893689777613046963e-08
3.893838035581912857e-08
3.893986293550778088e-08
3.894134551519643981e-08
3.894282809488509874e-08
3.894431067457375767e-08
3.894579325426241660e-08
3.894727583395107554e-08
3.894875841363973447e-08
3.895024099332839340e-08
3.895172357301705233e-08
3.895320615270570464e-08
3.895468873239436357e-08
3.895617131208302250e-08
3.895765389177168144e-08
3.895913647146034037e-08
3.896061905114899930e-08
3.896210163083765823e-08
3.896358421052631716e-08
3.896506679021497609e-08
3.896654936990363502e-08
3.896803194959228734e-08
3.896951452928094627e-08
3.897099710896960520e-08
3.897247968865826413e-08
3.897396226834692306e-08
3.897544484803558199e-08
3.897692742772424092e-08
3.897841000741289985e-08
3.897989258710155878e-08
3.898137516679021772e-08
3.898285774647887003e-08
3.898434032616752896e-08
3.898582290585618789e-08
3.898730548554484682e-08
3.898878806523350575e-08
3.899027064492216468e-08
3.899175322461082362e-08
3.899323580429948255e-08
3.899471838398814148e-08
3.899620096367680041e-08
3.899768354336545272e-08
3.899916612305411165e-08
3.900064870274277058e-08
3.900213128243142952e-08
3.900361386212008845e-08
3.900509644180874738e-08
3.900657902149740631e-08
3.900806160118606524e-08
3.900954418087472417e-08
3.901102676056338310e-08
3.901250934025203542e-08
3.901399191994069435e-08
3.901547449962935328e-08
3.901695707931801221e-08
3.901843965900667114e-08
3.901992223869533007e-08
3.902140481838398900e-08
3.902288739807264793e-08
3.902436997776130686e-08
3.902585255744996580e-08
3.902733513713861811e-08
3.902881771682727704e-08
3.903030029651593597e-08
3.903178287620459490e-08
3.903326545589325383e-08
3.903474803558191276e-08
3.903623061527057170e-08
3.903771319495923063e-08
3.903919577464788956e-08
3.904067835433654849e-08
3.904216093402520080e-08
3.904364351371385973e-08
3.904512609340251866e-08
3.904660867309117760e-08
3.904809125277983653e-08
3.904957383246849546e-08
3.905105641215715439e-08
3.905253899184581332e-08
3.905402157153447225e-08
3.905550415122313118e-08
3.905698673091178350e-08
3.905846931060044243e-08
3.905995189028910136e-08
3.906143446997776029e-08
3.906291704966641922e-08
3.906439962935507815e-08
3.906588220904373708e-08
3.906736478873239601e-08
3.906884736842105494e-08
3.907032994810971388e-08
3.907181252779836619e-08
3.907329510748702512e-08
3.907477768717568405e-08
3.907626026686434298e-08
3.907774284655300191e-08
3.907922542624166084e-08
3.908070800593031978e-08
3.908219058561897871e-08
3.908367316530763764e-08
3.908515574499628995e-08
3.908663832468494888e-08
3.908812090437360781e-08
3.908960348406226674e-08
3.909108606375092568e-08
3.909256864343958461e-08
3.909405122312824354e-08
3.909553380281690247e-08
3.909701638250556140e-08
3.909849896219422033e-08
3.909998154188287926e-08
3.910146412157153158e-08
3.910294670126019051e-08
3.910442928094884944e-08
3.910591186063750837e-08
3.910739444032616730e-08
3.910887702001482623e-08
3.911035959970348516e-08
3.911184217939214409e-08
3.911332475908080302e-08
3.911480733876945534e-08
3.911628991845811427e-08
3.911777249814677320e-08
3.911925507783543213e-08
3.912073765752409106e-08
3.912222023721274999e-08
3.912370281690140892e-08
3.912518539659006786e-08
3.912666797627872679e-08
3.912815055596738572e-08
3.912963313565603803e-08
3.913111571534469696e-08
3.913259829503335589e-08
3.913408087472201482e-08
3.913556345441067376e-08
3.913704603409933269e-08
3.913852861378799162e-08
3.914001119347665055e-08
3.914149377316530948e-08
3.914297635285396841e-08
3.914445893254262072e-08
3.914594151223127966e-08
3.914742409191993859e-08
3.914890667160859752e-08
3.915038925129725645e-08
3.915187183098591538e-08
3.915335441067457431e-08
3.915483699036323324e-08
3.915631957005189217e-08
3.915780214974055110e-08
3.915928472942920342e-08
3.916076730911786235e-08
3.916224988880652128e-08
3.916373246849518021e-08
3.916521504818383914e-08
3.916669762787249807e-08
3.916818020756115700e-08
3.916966278724981594e-08
3.917114536693847487e-08
3.917262794662713380e-08
3.917411052631578611e-08
3.917559310600444504e-08
3.917707568569310397e-08
3.917855826538176290e-08
3.918004084507042184e-08
3.918152342475908077e-08
3.918300600444773970e-08
3.918448858413639863e-08
3.918597116382505756e-08
3.918745374351371649e-08
3.918893632320236880e-08
3.919041890289102774e-08
3.919190148257968667e-08
3.919338406226834560e-08
3.919486664195700453e-08
3.919634922164566346e-08
3.919783180133432239e-08
3.919931438102298132e-08
3.920079696071164025e-08
3.920227954040029918e-08
3.920376212008895150e-08
3.920524469977761043e-08
3.920672727946626936e-08
3.920820985915492829e-08
3.920969243884358722e-08
3.921117501853224615e-08
3.921265759822090508e-08
3.921414017790956402e-08
3.921562275759822295e-08
3.921710533728688188e-08
3.921858791697553419e-08
3.922007049666419312e-08
3.922155307635285205e-08
3.922303565604151098e-08
3.922451823573016992e-08
3.922600081541882885e-08
3.922748339510748778e-08
3.922896597479614671e-08
3.923044855448480564e-08
3.923193113417346457e-08
3.923341371386211688e-08
3.923489629355077582e-08
3.923637887323943475e-08
3.923786145292809368e-08
3.923934403261675261e-08
3.924082661230541154e-08
3.924230919199407047e-08
3.924379177168272940e-08
3.924527435137138833e-08
3.924675693106004726e-08
3.924823951074869958e-08
3.924972209043735851e-08
3.925120467012601744e-08
3.925268724981467637e-08
3.925416982950333530e-08
3.925565240919199423e-08
3.925713498888065316e-08
3.925861756856931210e-08
3.926010014825797103e-08
3.926158272794662996e-08
3.926306530763528227e-08
3.926454788732394120e-08
3.926603046701260013e-08
3.926751304670125906e-08
3.926899562638991800e-08
3.927047820607857693e-08
3.927196078576723586e-08
3.927344336545589479e-08
3.927492594514455372e-08
3.927640852483320603e-08
3.927789110452186497e-08
3.927937368421052390e-08
3.928085626389918283e-08
3.928233884358784176e-08
3.928382142327650069e-08
3.928530400296515962e-08
3.928678658265381855e-08
3.928826916234247748e-08
3.928975174203113641e-08
3.929123432171979534e-08
3.929271690140844766e-08
3.929419948109710659e-08
3.929568206078576552e-08
3.929716464047442445e-08
3.929864722016308338e-08
3.930012979985174231e-08
3.930161237954040124e-08
3.930309495922906018e-08
3.930457753891771911e-08
3.930606011860637142e-08
3.930754269829503035e-08
3.930902527798368928e-08
3.931050785767234821e-08
3.931199043736100714e-08
3.931347301704966608e-08
3.931495559673832501e-08
3.931643817642698394e-08
3.931792075611564287e-08
3.931940333580430180e-08
3.932088591549295411e-08
3.932236849518161305e-08
3.932385107487027198e-08
3.932533365455893091e-08
3.932681623424758984e-08
3.932829881393624877e-08
3.932978139362490770e-08
3.933126397331356663e-08
3.933274655300222556e-08
3.933422913269088449e-08
3.933571171237953681e-08
3.933719429206819574e-08
3.933867687175685467e-08
3.934015945144551360e-08
3.934164203113417253e-08
3.934312461082283146e-08
3.934460719051149039e-08
3.934608977020014932e-08
3.934757234988880826e-08
3.934905492957746719e-08
3.935053750926611950e-08
3.935202008895477843e-08
3.935350266864343736e-08
3.935498524833209629e-08
3.935646782802075523e-08
3.935795040770941416e-08
3.935943298739807309e-08
3.936091556708673202e-08
3.936239814677539095e-08
3.936388072646404988e-08
3.936536330615270219e-08
3.936684588584136113e-08
3.936832846553002006e-08
3.936981104521867899e-08
3.937129362490733792e-08
3.937277620459599685e-08
3.937425878428465578e-08
3.937574136397331471e-08
3.937722394366197364e-08
3.937870652335063257e-08
3.938018910303928489e-08
3.938167168272794382e-08
3.938315426241660275e-08
3.938463684210526168e-08
3.938611942179392061e-08
3.938760200148257954e-08
3.938908458117123847e-08
3.939056716085989741e-08
3.939204974054855634e-08
3.939353232023721527e-08
3.939501489992586758e-08
3.939649747961452651e-08
3.939798005930318544e-08
3.939946263899184437e-08
3.940094521868050331e-08
3.940242779836916224e-08
3.940391037805782117e-08
3.940539295774648010e-08
3.940687553743513903e-08
3.940835811712379134e-08
3.940984069681245027e-08
3.941132327650110921e-08
3.941280585618976814e-08
3.941428843587842707e-08
3.941577101556708600e-08
3.941725359525574493e-08
3.941873617494440386e-08
3.942021875463306279e-08
3.942170133432172172e-08
3.942318391401038065e-08
3.942466649369903297e-08
3.942614907338769190e-08
3.942763165307635083e-08
3.942911423276500976e-08
3.943059681245366869e-08
3.943207939214232762e-08
3.943356197183098655e-08
3.943504455151964549e-08
3.943652713120830442e-08
3.943800971089695673e-08
3.943949229058561566e-08
3.944097487027427459e-08
3.944245744996293352e-08
3.944394002965159245e-08
3.944542260934025139e-08
3.944690518902891032e-08
3.944838776871756925e-08
3.944987034840622818e-08
3.945135292809488711e-08
3.945283550778354604e-08
3.945431808747219835e-08
3.945580066716085729e-08
3.945728324684951622e-08
3.945876582653817515e-08
3.946024840622683408e-08
3.946173098591549301e-08
3.946321356560415194e-08
3.946469614529281087e-08
3.946617872498146980e-08
3.946766130467012212e-08
3.946914388435878105e-08
3.947062646404743998e-08
3.947210904373609891e-08
3.947359162342475784e-08
3.947507420311341677e-08
3.947655678280207570e-08
3.947803936249073463e-08
3.947952194217939357e-08
3.948100452186805250e-08
3.948248710155671143e-08
3.948396968124536374e-08
3.948545226093402267e-08
3.948693484062268160e-08
3.948841742031134053e-08
3.948989999999999947e-08
