3.948750000000000204e-08
3.948898257968866097e-08
3.949046515937731990e-08
3.949194773906597883e-08
3.949343031875463776e-08
3.949491289844329008e-08
3.949639547813194901e-08
3.949787805782060794e-08
3.949936063750926687e-08
3.950084321719792580e-08
3.950232579688658473e-08
3.950380837657524366e-08
3.950529095626390259e-08
3.950677353595256152e-08
3.950825611564122046e-08
3.950973869532987277e-08
3.951122127501853170e-08
3.951270385470719063e-08
3.951418643439584956e-08
3.951566901408450849e-08
3.951715159377316742e-08
3.951863417346182636e-08
3.952011675315048529e-08
3.952159933283914422e-08
3.952308191252780315e-08
3.952456449221645546e-08
3.952604707190511439e-08
3.952752965159377332e-08
3.952901223128243226e-08
3.953049481097109119e-08
3.953197739065975012e-08
3.953345997034840905e-08
3.953494255003706798e-08
3.953642512972572691e-08
3.953790770941438584e-08
3.953939028910303816e-08
3.954087286879169709e-08
3.954235544848035602e-08
3.954383802816901495e-08
3.954532060785767388e-08
3.954680318754633281e-08
3.954828576723499174e-08
3.954976834692365067e-08
3.955125092661230960e-08
3.955273350630096854e-08
3.955421608598962085e-08
3.955569866567827978e-08
3.955718124536693871e-08
3.955866382505559764e-08
3.956014640474425657e-08
3.956162898443291550e-08
3.956311156412157444e-08
3.956459414381023337e-08
3.956607672349889230e-08
3.956755930318755123e-08
3.956904188287620354e-08
3.957052446256486247e-08
3.957200704225352140e-08
3.957348962194218034e-08
3.957497220163083927e-08
3.957645478131949820e-08
3.957793736100815713e-08
3.957941994069681606e-08
3.958090252038547499e-08
3.958238510007413392e-08
3.958386767976278624e-08
3.958535025945144517e-08
3.958683283914010410e-08
3.958831541882876303e-08
3.958979799851742196e-08
3.959128057820608089e-08
3.959276315789473982e-08
3.959424573758339875e-08
3.959572831727205768e-08
3.959721089696071662e-08
3.959869347664936893e-08
3.960017605633802786e-08
3.960165863602668679e-08
3.960314121571534572e-08
3.960462379540400465e-08
3.960610637509266358e-08
3.960758895478132252e-08
3.960907153446998145e-08
3.961055411415864038e-08
3.961203669384729931e-08
3.961351927353595162e-08
3.961500185322461055e-08
3.961648443291326949e-08
3.961796701260192842e-08
3.961944959229058735e-08
3.962093217197924628e-08
3.962241475166790521e-08
3.962389733135656414e-08
3.962537991104522307e-08
3.962686249073388200e-08
3.962834507042253432e-08
3.962982765011119325e-08
3.963131022979985218e-08
3.963279280948851111e-08
3.963427538917717004e-08
3.963575796886582897e-08
3.963724054855448790e-08
3.963872312824314683e-08
3.964020570793180576e-08
3.964168828762046470e-08
3.964317086730911701e-08
3.964465344699777594e-08
3.964613602668643487e-08
3.964761860637509380e-08
3.964910118606375273e-08
3.965058376575241167e-08
3.965206634544107060e-08
3.965354892512972953e-08
3.965503150481838846e-08
3.965651408450704739e-08
3.965799666419569970e-08
3.965947924388435863e-08
3.966096182357301757e-08
3.966244440326167650e-08
3.966392698295033543e-08
3.966540956263899436e-08
3.966689214232765329e-08
3.966837472201631222e-08
3.966985730170497115e-08
3.967133988139362347e-08
3.967282246108228240e-08
3.967430504077094133e-08
3.967578762045960026e-08
3.967727020014825919e-08
3.967875277983691812e-08
3.968023535952557705e-08
3.968171793921423598e-08
3.968320051890289491e-08
3.968468309859155385e-08
3.968616567828020616e-08
3.968764825796886509e-08
3.968913083765752402e-08
3.969061341734618295e-08
3.969209599703484188e-08
3.969357857672350081e-08
3.969506115641215975e-08
3.969654373610081868e-08
3.969802631578947761e-08
3.969950889547813654e-08
3.970099147516678885e-08
3.970247405485544778e-08
3.970395663454410671e-08
3.970543921423276565e-08
3.970692179392142458e-08
3.970840437361008351e-08
3.970988695329874244e-08
3.971136953298740137e-08
3.971285211267606030e-08
3.971433469236471923e-08
3.971581727205337155e-08
3.971729985174203048e-08
3.971878243143068941e-08
3.972026501111934834e-08
3.972174759080800727e-08
3.972323017049666620e-08
3.972471275018532513e-08
3.972619532987398406e-08
3.972767790956264299e-08
3.972916048925130193e-08
3.973064306893995424e-08
3.973212564862861317e-08
3.973360822831727210e-08
3.973509080800593103e-08
3.973657338769458996e-08
3.973805596738324889e-08
3.973953854707190783e-08
3.974102112676056676e-08
3.974250370644922569e-08
3.974398628613788462e-08
3.974546886582653693e-08
3.974695144551519586e-08
3.974843402520385479e-08
3.974991660489251373e-08
3.975139918458117266e-08
3.975288176426983159e-08
3.975436434395849052e-08
3.975584692364714945e-08
3.975732950333580838e-08
3.975881208302446731e-08
3.976029466271311963e-08
3.976177724240177856e-08
3.976325982209043749e-08
3.976474240177909642e-08
3.976622498146775535e-08
3.976770756115641428e-08
3.976919014084507321e-08
3.977067272053373214e-08
3.977215530022239107e-08
3.977363787991105001e-08
3.977512045959970232e-08
3.977660303928836125e-08
3.977808561897702018e-08
3.977956819866567911e-08
3.978105077835433804e-08
3.978253335804299697e-08
3.978401593773165591e-08
3.978549851742031484e-08
3.978698109710897377e-08
3.978846367679763270e-08
3.978994625648628501e-08
3.979142883617494394e-08
3.979291141586360287e-08
3.979439399555226181e-08
3.979587657524092074e-08
3.979735915492957967e-08
3.979884173461823860e-08
3.980032431430689753e-08
3.980180689399555646e-08
3.980328947368421539e-08
3.980477205337286771e-08
3.980625463306152664e-08
3.980773721275018557e-08
3.980921979243884450e-08
3.981070237212750343e-08
3.981218495181616236e-08
3.981366753150482129e-08
3.981515011119348022e-08
3.981663269088213915e-08
3.981811527057079809e-08
3.981959785025945040e-08
3.982108042994810933e-08
3.982256300963676826e-08
3.982404558932542719e-08
3.982552816901408612e-08
3.982701074870274505e-08
3.982849332839140399e-08
3.982997590808006292e-08
3.983145848776872185e-08
3.983294106745738078e-08
3.983442364714603309e-08
3.983590622683469202e-08
3.983738880652335095e-08
3.983887138621200989e-08
3.984035396590066882e-08
3.984183654558932775e-08
3.984331912527798668e-08
3.984480170496664561e-08
3.984628428465530454e-08
3.984776686434395685e-08
3.984924944403261579e-08
3.985073202372127472e-08
3.985221460340993365e-08
3.985369718309859258e-08
3.985517976278725151e-08
3.985666234247591044e-08
3.985814492216456937e-08
3.985962750185322830e-08
3.986111008154188723e-08
3.986259266123053955e-08
3.986407524091919848e-08
3.986555782060785741e-08
3.986704040029651634e-08
3.986852297998517527e-08
3.987000555967383420e-08
3.987148813936249313e-08
3.987297071905115207e-08
3.987445329873981100e-08
3.987593587842846993e-08
3.987741845811712224e-08
3.987890103780578117e-08
3.988038361749444010e-08
3.988186619718309903e-08
3.988334877687175797e-08
3.988483135656041690e-08
3.988631393624907583e-08
3.988779651593773476e-08
3.988927909562639369e-08
3.989076167531505262e-08
3.989224425500370493e-08
3.989372683469236387e-08
3.989520941438102280e-08
3.989669199406968173e-08
3.989817457375834066e-08
3.989965715344699959e-08
3.990113973313565852e-08
3.990262231282431745e-08
3.990410489251297638e-08
3.990558747220163531e-08
3.990707005189028763e-08
3.990855263157894656e-08
3.991003521126760549e-08
3.991151779095626442e-08
3.991300037064492335e-08
3.991448295033358228e-08
3.991596553002224121e-08
3.991744810971090015e-08
3.991893068939955908e-08
3.992041326908821801e-08
3.992189584877687032e-08
3.992337842846552925e-08
3.992486100815418818e-08
3.992634358784284711e-08
3.992782616753150605e-08
3.992930874722016498e-08
3.993079132690882391e-08
3.993227390659748284e-08
3.993375648628614177e-08
3.993523906597480070e-08
3.993672164566345301e-08
3.993820422535211195e-08
3.993968680504077088e-08
3.994116938472942981e-08
3.994265196441808874e-08
3.994413454410674767e-08
3.994561712379540660e-08
3.994709970348406553e-08
3.994858228317272446e-08
3.995006486286138339e-08
3.995154744255003571e-08
3.995303002223869464e-08
3.995451260192735357e-08
3.995599518161601250e-08
3.995747776130467143e-08
3.995896034099333036e-08
3.996044292068198929e-08
3.996192550037064823e-08
3.996340808005930716e-08
3.996489065974796609e-08
3.996637323943661840e-08
3.996785581912527733e-08
3.996933839881393626e-08
3.997082097850259519e-08
3.997230355819125413e-08
3.997378613787991306e-08
3.997526871756857199e-08
3.997675129725723092e-08
3.997823387694588985e-08
3.997971645663454878e-08
3.998119903632320110e-08
3.998268161601186003e-08
3.998416419570051896e-08
3.998564677538917789e-08
3.998712935507783682e-08
3.998861193476649575e-08
3.999009451445515468e-08
3.999157709414381361e-08
3.999305967383247254e-08
3.999454225352113147e-08
3.999602483320978379e-08
3.999750741289844272e-08
3.999898999258710165e-08
4.000047257227576058e-08
4.000195515196441951e-08
4.000343773165307844e-08
4.000492031134173737e-08
4.000640289103039631e-08
4.000788547071905524e-08
4.000936805040770755e-08
4.001085063009636648e-08
4.001233320978502541e-08
4.001381578947368434e-08
4.001529836916234328e-08
4.001678094885100221e-08
4.001826352853966114e-08
4.001974610822832007e-08
4.002122868791697900e-08
4.002271126760563793e-08
4.002419384729429686e-08
4.002567642698294918e-08
4.002715900667160811e-08
4.002864158636026704e-08
4.003012416604892597e-08
4.003160674573758490e-08
4.003308932542624383e-08
4.003457190511490276e-08
4.003605448480356169e-08
4.003753706449222062e-08
4.003901964418087294e-08
4.004050222386953187e-08
4.004198480355819080e-08
4.004346738324684973e-08
4.004494996293550866e-08
4.004643254262416759e-08
4.004791512231282652e-08
4.004939770200148546e-08
4.005088028169014439e-08
4.005236286137880332e-08
4.005384544106745563e-08
4.005532802075611456e-08
4.005681060044477349e-08
4.005829318013343242e-08
4.005977575982209136e-08
4.006125833951075029e-08
4.006274091919940922e-08
4.006422349888806815e-08
4.006570607857672708e-08
4.006718865826538601e-08
4.006867123795403832e-08
4.007015381764269726e-08
4.007163639733135619e-08
4.007311897702001512e-08
4.007460155670867405e-08
4.007608413639733298e-08
4.007756671608599191e-08
4.007904929577465084e-08
4.008053187546330977e-08
4.008201445515196870e-08
4.008349703484062102e-08
4.008497961452927995e-08
4.008646219421793888e-08
4.008794477390659781e-08
4.008942735359525674e-08
4.009090993328391567e-08
4.009239251297257460e-08
4.009387509266123354e-08
4.009535767234989247e-08
4.009684025203855140e-08
4.009832283172720371e-08
4.009980541141586264e-08
4.010128799110452157e-08
4.010277057079318050e-08
4.010425315048183944e-08
4.010573573017049837e-08
4.010721830985915730e-08
4.010870088954781623e-08
4.011018346923647516e-08
4.011166604892513409e-08
4.011314862861378640e-08
4.011463120830244534e-08
4.011611378799110427e-08
4.011759636767976320e-08
4.011907894736842213e-08
4.012056152705708106e-08
4.012204410674573999e-08
4.012352668643439892e-08
4.012500926612305785e-08
4.012649184581171678e-08
4.012797442550036910e-08
4.012945700518902803e-08
4.013093958487768696e-08
4.013242216456634589e-08
4.013390474425500482e-08
4.013538732394366375e-08
4.013686990363232268e-08
4.013835248332098162e-08
4.013983506300964055e-08
4.014131764269829948e-08
4.014280022238695179e-08
4.014428280207561072e-08
4.014576538176426965e-08
4.014724796145292858e-08
4.014873054114158752e-08
4.015021312083024645e-08
4.015169570051890538e-08
4.015317828020756431e-08
4.015466085989622324e-08
4.015614343958488217e-08
4.015762601927353448e-08
4.015910859896219342e-08
4.016059117865085235e-08
4.016207375833951128e-08
4.016355633802817021e-08
4.016503891771682914e-08
4.016652149740548807e-08
4.016800407709414700e-08
4.016948665678280593e-08
4.017096923647146486e-08
4.017245181616011718e-08
4.017393439584877611e-08
4.017541697553743504e-08
4.017689955522609397e-08
4.017838213491475290e-08
4.017986471460341183e-08
4.018134729429207076e-08
4.018282987398072970e-08
4.018431245366938863e-08
4.018579503335804756e-08
4.018727761304669987e-08
4.018876019273535880e-08
4.019024277242401773e-08
4.019172535211267666e-08
4.019320793180133560e-08
4.019469051148999453e-08
4.019617309117865346e-08
4.019765567086731239e-08
4.019913825055597132e-08
4.020062083024462363e-08
4.020210340993328256e-08
4.020358598962194150e-08
4.020506856931060043e-08
4.020655114899925936e-08
4.020803372868791829e-08
4.020951630837657722e-08
4.021099888806523615e-08
4.021248146775389508e-08
4.021396404744255401e-08
4.021544662713121294e-08
4.021692920681986526e-08
4.021841178650852419e-08
4.021989436619718312e-08
4.022137694588584205e-08
4.022285952557450098e-08
4.022434210526315991e-08
4.022582468495181884e-08
4.022730726464047778e-08
4.022878984432913671e-08
4.023027242401778902e-08
4.023175500370644795e-08
4.023323758339510688e-08
4.023472016308376581e-08
4.023620274277242474e-08
4.023768532246108368e-08
4.023916790214974261e-08
4.024065048183840154e-08
4.024213306152706047e-08
4.024361564121571940e-08
4.024509822090437171e-08
4.024658080059303064e-08
4.024806338028168958e-08
4.024954595997034851e-08
4.025102853965900744e-08
4.025251111934766637e-08
4.025399369903632530e-08
4.025547627872498423e-08
4.025695885841364316e-08
4.025844143810230209e-08
4.025992401779095441e-08
4.026140659747961334e-08
4.026288917716827227e-08
4.026437175685693120e-08
4.026585433654559013e-08
4.026733691623424906e-08
4.026881949592290799e-08
4.027030207561156692e-08
4.027178465530022586e-08
4.027326723498888479e-08
4.027474981467753710e-08
4.027623239436619603e-08
4.027771497405485496e-08
4.027919755374351389e-08
4.028068013343217282e-08
4.028216271312083176e-08
4.028364529280949069e-08
4.028512787249814962e-08
4.028661045218680855e-08
4.028809303187546748e-08
4.028957561156411979e-08
4.029105819125277872e-08
4.029254077094143766e-08
4.029402335063009659e-08
4.029550593031875552e-08
4.029698851000741445e-08
4.029847108969607338e-08
4.029995366938473231e-08
4.030143624907339124e-08
4.030291882876205017e-08
4.030440140845070249e-08
4.030588398813936142e-08
4.030736656782802035e-08
4.030884914751667928e-08
4.031033172720533821e-08
4.031181430689399714e-08
4.031329688658265607e-08
4.031477946627131500e-08
4.031626204595997394e-08
4.031774462564863287e-08
4.031922720533728518e-08
4.032070978502594411e-08
4.032219236471460304e-08
4.032367494440326197e-08
4.032515752409192090e-08
4.032664010378057984e-08
4.032812268346923877e-08
4.032960526315789770e-08
4.033108784284655663e-08
4.033257042253521556e-08
4.033405300222386787e-08
4.033553558191252680e-08
4.033701816160118574e-08
4.033850074128984467e-08
4.033998332097850360e-08
4.034146590066716253e-08
4.034294848035582146e-08
4.034443106004448039e-08
4.034591363973313932e-08
4.034739621942179825e-08
4.034887879911045057e-08
4.035036137879910950e-08
4.035184395848776843e-08
4.035332653817642736e-08
4.035480911786508629e-08
4.035629169755374522e-08
4.035777427724240415e-08
4.035925685693106308e-08
4.036073943661972202e-08
4.036222201630838095e-08
4.036370459599703326e-08
4.036518717568569219e-08
4.036666975537435112e-08
4.036815233506301005e-08
4.036963491475166898e-08
4.037111749444032792e-08
4.037260007412898685e-08
4.037408265381764578e-08
4.037556523350630471e-08
4.037704781319496364e-08
4.037853039288361595e-08
4.038001297257227489e-08
4.038149555226093382e-08
4.038297813194959275e-08
4.038446071163825168e-08
4.038594329132691061e-08
4.038742587101556954e-08
4.038890845070422847e-08
4.039039103039288740e-08
4.039187361008153972e-08
4.039335618977019865e-08
4.039483876945885758e-08
4.039632134914751651e-08
4.039780392883617544e-08
4.039928650852483437e-08
4.040076908821349330e-08
4.040225166790215223e-08
4.040373424759081116e-08
4.040521682727947010e-08
4.040669940696812241e-08
4.040818198665678134e-08
4.040966456634544027e-08
4.041114714603409920e-08
4.041262972572275813e-08
4.041411230541141706e-08
4.041559488510007600e-08
4.041707746478873493e-08
4.041856004447739386e-08
4.042004262416605279e-08
4.042152520385470510e-08
4.042300778354336403e-08
4.042449036323202297e-08
4.042597294292068190e-08
4.042745552260934083e-08
4.042893810229799976e-08
4.043042068198665869e-08
4.043190326167531762e-08
4.043338584136397655e-08
4.043486842105263548e-08
4.043635100074128780e-08
4.043783358042994673e-08
4.043931616011860566e-08
4.044079873980726459e-08
4.044228131949592352e-08
4.044376389918458245e-08
4.044524647887324138e-08
4.044672905856190031e-08
4.044821163825055924e-08
4.044969421793921818e-08
4.045117679762787049e-08
4.045265937731652942e-08
4.045414195700518835e-08
4.045562453669384728e-08
4.045710711638250621e-08
4.045858969607116515e-08
4.046007227575982408e-08
4.046155485544848301e-08
4.046303743513714194e-08
4.046452001482580087e-08
4.046600259451445318e-08
4.046748517420311211e-08
4.046896775389177105e-08
4.047045033358042998e-08
4.047193291326908891e-08
4.047341549295774784e-08
4.047489807264640677e-08
4.047638065233506570e-08
4.047786323202372463e-08
4.047934581171238356e-08
4.048082839140103588e-08
4.048231097108969481e-08
4.048379355077835374e-08
4.048527613046701267e-08
4.048675871015567160e-08
4.048824128984433053e-08
4.048972386953298946e-08
4.049120644922164839e-08
4.049268902891030733e-08
4.049417160859896626e-08
4.049565418828761857e-08
4.049713676797627750e-08
4.049861934766493643e-08
4.050010192735359536e-08
4.050158450704225429e-08
4.050306708673091323e-08
4.050454966641957216e-08
4.050603224610823109e-08
4.050751482579689002e-08
4.050899740548554895e-08
4.051047998517420126e-08
4.051196256486286019e-08
4.051344514455151913e-08
4.051492772424017806e-08
4.051641030392883699e-08
4.051789288361749592e-08
4.051937546330615485e-08
4.052085804299481378e-08
4.052234062268347271e-08
4.052382320237213164e-08
4.052530578206078396e-08
4.052678836174944289e-08
4.052827094143810182e-08
4.052975352112676075e-08
4.053123610081541968e-08
4.053271868050407861e-08
4.053420126019273754e-08
4.053568383988139647e-08
4.053716641957005541e-08
4.053864899925871434e-08
4.054013157894736665e-08
4.054161415863602558e-08
4.054309673832468451e-08
4.054457931801334344e-08
4.054606189770200237e-08
4.054754447739066131e-08
4.054902705707932024e-08
4.055050963676797917e-08
4.055199221645663810e-08
4.055347479614529041e-08
4.055495737583394934e-08
4.055643995552260827e-08
4.055792253521126721e-08
4.055940511489992614e-08
4.056088769458858507e-08
4.056237027427724400e-08
4.056385285396590293e-08
4.056533543365456186e-08
4.056681801334322079e-08
4.056830059303187972e-08
4.056978317272053204e-08
4.057126575240919097e-08
4.057274833209784990e-08
4.057423091178650883e-08
4.057571349147516776e-08
4.057719607116382669e-08
4.057867865085248562e-08
4.058016123054114455e-08
4.058164381022980349e-08
4.058312638991845580e-08
4.058460896960711473e-08
4.058609154929577366e-08
4.058757412898443259e-08
4.058905670867309152e-08
4.059053928836175045e-08
4.059202186805040939e-08
4.059350444773906832e-08
4.059498702742772725e-08
4.059646960711638618e-08
4.059795218680503849e-08
4.059943476649369742e-08
4.060091734618235635e-08
4.060239992587101529e-08
4.060388250555967422e-08
4.060536508524833315e-08
4.060684766493699208e-08
4.060833024462565101e-08
4.060981282431430994e-08
4.061129540400296887e-08
4.061277798369162119e-08
4.061426056338028012e-08
4.061574314306893905e-08
4.061722572275759798e-08
4.061870830244625691e-08
4.062019088213491584e-08
4.062167346182357477e-08
4.062315604151223370e-08
4.062463862120089263e-08
4.062612120088955157e-08
4.062760378057820388e-08
4.062908636026686281e-08
4.063056893995552174e-08
4.063205151964418067e-08
4.063353409933283960e-08
4.063501667902149853e-08
4.063649925871015747e-08
4.063798183839881640e-08
4.063946441808747533e-08
4.064094699777613426e-08
4.064242957746478657e-08
4.064391215715344550e-08
4.064539473684210443e-08
4.064687731653076337e-08
4.064835989621942230e-08
4.064984247590808123e-08
4.065132505559674016e-08
4.065280763528539909e-08
4.065429021497405802e-08
4.065577279466271695e-08
4.065725537435136927e-08
4.065873795404002820e-08
4.066022053372868713e-08
4.066170311341734606e-08
4.066318569310600499e-08
4.066466827279466392e-08
4.066615085248332285e-08
4.066763343217198178e-08
4.066911601186064071e-08
4.067059859154929965e-08
4.067208117123795196e-08
4.067356375092661089e-08
4.067504633061526982e-08
4.067652891030392875e-08
4.067801148999258768e-08
4.067949406968124661e-08
4.068097664936990555e-08
4.068245922905856448e-08
4.068394180874722341e-08
4.068542438843588234e-08
4.068690696812453465e-08
4.068838954781319358e-08
4.068987212750185251e-08
4.069135470719051145e-08
4.069283728687917038e-08
4.069431986656782931e-08
4.069580244625648824e-08
4.069728502594514717e-08
4.069876760563380610e-08
4.070025018532246503e-08
4.070173276501111735e-08
4.070321534469977628e-08
4.070469792438843521e-08
4.070618050407709414e-08
4.070766308376575307e-08
4.070914566345441200e-08
4.071062824314307093e-08
4.071211082283172986e-08
4.071359340252038879e-08
4.071507598220904111e-08
4.071655856189770004e-08
4.071804114158635897e-08
4.071952372127501790e-08
4.072100630096367683e-08
4.072248888065233576e-08
4.072397146034099469e-08
4.072545404002965363e-08
4.072693661971831256e-08
4.072841919940697149e-08
4.072990177909563042e-08
4.073138435878428273e-08
4.073286693847294166e-08
4.073434951816160059e-08
4.073583209785025953e-08
4.073731467753891846e-08
4.073879725722757739e-08
4.074027983691623632e-08
4.074176241660489525e-08
4.074324499629355418e-08
4.074472757598220649e-08
4.074621015567086543e-08
4.074769273535952436e-08
4.074917531504818329e-08
4.075065789473684222e-08
4.075214047442550115e-08
4.075362305411416008e-08
4.075510563380281901e-08
4.075658821349147794e-08
4.075807079318013687e-08
4.075955337286879581e-08
4.076103595255744812e-08
4.076251853224610705e-08
4.076400111193476598e-08
4.076548369162342491e-08
4.076696627131208384e-08
4.076844885100074277e-08
4.076993143068940171e-08
4.077141401037806064e-08
4.077289659006671957e-08
4.077437916975537188e-08
4.077586174944403081e-08
4.077734432913268974e-08
4.077882690882134867e-08
4.078030948851000761e-08
4.078179206819866654e-08
4.078327464788732547e-08
4.078475722757598440e-08
4.078623980726464333e-08
4.078772238695330226e-08
4.078920496664195458e-08
4.079068754633061351e-08
4.079217012601927244e-08
4.079365270570793137e-08
4.079513528539659030e-08
4.079661786508524923e-08
4.079810044477390816e-08
4.079958302446256709e-08
4.080106560415122602e-08
4.080254818383988495e-08
4.080403076352853727e-08
4.080551334321719620e-08
4.080699592290585513e-08
4.080847850259451406e-08
4.080996108228317299e-08
4.081144366197183192e-08
4.081292624166049085e-08
4.081440882134914979e-08
4.081589140103780872e-08
4.081737398072646765e-08
4.081885656041511996e-08
4.082033914010377889e-08
4.082182171979243782e-08
4.082330429948109676e-08
4.082478687916975569e-08
4.082626945885841462e-08
4.082775203854707355e-08
4.082923461823573248e-08
4.083071719792439141e-08
4.083219977761305034e-08
4.083368235730170266e-08
4.083516493699036159e-08
4.083664751667902052e-08
4.083813009636767945e-08
4.083961267605633838e-08
4.084109525574499731e-08
4.084257783543365624e-08
4.084406041512231517e-08
4.084554299481097410e-08
4.084702557449963303e-08
4.084850815418828535e-08
4.084999073387694428e-08
4.085147331356560321e-08
4.085295589325426214e-08
4.085443847294292107e-08
4.085592105263158000e-08
4.085740363232023894e-08
4.085888621200889787e-08
4.086036879169755680e-08
4.086185137138621573e-08
4.086333395107486804e-08
4.086481653076352697e-08
4.086629911045218590e-08
4.086778169014084484e-08
4.086926426982950377e-08
4.087074684951816270e-08
4.087222942920682163e-08
4.087371200889548056e-08
4.087519458858413949e-08
4.087667716827279842e-08
4.087815974796145074e-08
4.087964232765010967e-08
4.088112490733876860e-08
4.088260748702742753e-08
4.088409006671608646e-08
4.088557264640474539e-08
4.088705522609340432e-08
4.088853780578206325e-08
4.089002038547072218e-08
4.089150296515938112e-08
4.089298554484803343e-08
4.089446812453669236e-08
4.089595070422535129e-08
4.089743328391401022e-08
4.089891586360266915e-08
4.090039844329132808e-08
4.090188102297998702e-08
4.090336360266864595e-08
4.090484618235730488e-08
4.090632876204595719e-08
4.090781134173461612e-08
4.090929392142327505e-08
4.091077650111193398e-08
4.091225908080059292e-08
4.091374166048925185e-08
4.091522424017791078e-08
4.091670681986656971e-08
4.091818939955522864e-08
4.091967197924388757e-08
4.092115455893254650e-08
4.092263713862119882e-08
4.092411971830985775e-08
4.092560229799851668e-08
4.092708487768717561e-08
4.092856745737583454e-08
4.093005003706449347e-08
4.093153261675315240e-08
4.093301519644181133e-08
4.093449777613047026e-08
4.093598035581912258e-08
4.093746293550778151e-08
4.093894551519644044e-08
4.094042809488509937e-08
4.094191067457375830e-08
4.094339325426241723e-08
4.094487583395107616e-08
4.094635841363973510e-08
4.094784099332839403e-08
4.094932357301705296e-08
4.095080615270570527e-08
4.095228873239436420e-08
4.095377131208302313e-08
4.095525389177168206e-08
4.095673647146034100e-08
4.095821905114899993e-08
4.095970163083765886e-08
4.096118421052631779e-08
4.096266679021497672e-08
4.096414936990363565e-08
4.096563194959228796e-08
4.096711452928094690e-08
4.096859710896960583e-08
4.097007968865826476e-08
4.097156226834692369e-08
4.097304484803558262e-08
4.097452742772424155e-08
4.097601000741290048e-08
4.097749258710155941e-08
4.097897516679021834e-08
4.098045774647887066e-08
4.098194032616752959e-08
4.098342290585618852e-08
4.098490548554484745e-08
4.098638806523350638e-08
4.098787064492216531e-08
4.098935322461082424e-08
4.099083580429948318e-08
4.099231838398814211e-08
4.099380096367680104e-08
4.099528354336545335e-08
4.099676612305411228e-08
4.099824870274277121e-08
4.099973128243143014e-08
4.100121386212008908e-08
4.100269644180874801e-08
4.100417902149740694e-08
4.100566160118606587e-08
4.100714418087472480e-08
4.100862676056338373e-08
4.101010934025203604e-08
4.101159191994069498e-08
4.101307449962935391e-08
4.101455707931801284e-08
4.101603965900667177e-08
4.101752223869533070e-08
4.101900481838398963e-08
4.102048739807264856e-08
4.102196997776130749e-08
4.102345255744996642e-08
4.102493513713861874e-08
4.102641771682727767e-08
4.102790029651593660e-08
4.102938287620459553e-08
4.103086545589325446e-08
4.103234803558191339e-08
4.103383061527057232e-08
4.103531319495923126e-08
4.103679577464789019e-08
4.103827835433654912e-08
4.103976093402520143e-08
4.104124351371386036e-08
4.104272609340251929e-08
4.104420867309117822e-08
4.104569125277983716e-08
4.104717383246849609e-08
4.104865641215715502e-08
4.105013899184581395e-08
4.105162157153447288e-08
4.105310415122313181e-08
4.105458673091178412e-08
4.105606931060044306e-08
4.105755189028910199e-08
4.105903446997776092e-08
4.106051704966641985e-08
4.106199962935507878e-08
4.106348220904373771e-08
4.106496478873239664e-08
4.106644736842105557e-08
4.106792994810970789e-08
4.106941252779836682e-08
4.107089510748702575e-08
4.107237768717568468e-08
4.107386026686434361e-08
4.107534284655300254e-08
4.107682542624166147e-08
4.107830800593032040e-08
4.107979058561897934e-08
4.108127316530763827e-08
4.108275574499629720e-08
4.108423832468494951e-08
4.108572090437360844e-08
4.108720348406226737e-08
4.108868606375092630e-08
4.109016864343958524e-08
4.109165122312824417e-08
4.109313380281690310e-08
4.109461638250556203e-08
4.109609896219422096e-08
4.109758154188287327e-08
4.109906412157153220e-08
4.110054670126019114e-08
4.110202928094885007e-08
4.110351186063750900e-08
4.110499444032616793e-08
4.110647702001482686e-08
4.110795959970348579e-08
4.110944217939214472e-08
4.111092475908080365e-08
4.111240733876946258e-08
4.111388991845811490e-08
4.111537249814677383e-08
4.111685507783543276e-08
4.111833765752409169e-08
4.111982023721275062e-08
4.112130281690140955e-08
4.112278539659006848e-08
4.112426797627872742e-08
4.112575055596738635e-08
4.112723313565603866e-08
4.112871571534469759e-08
4.113019829503335652e-08
4.113168087472201545e-08
4.113316345441067438e-08
4.113464603409933332e-08
4.113612861378799225e-08
4.113761119347665118e-08
4.113909377316531011e-08
4.114057635285396904e-08
4.114205893254262135e-08
4.114354151223128028e-08
4.114502409191993922e-08
4.114650667160859815e-08
4.114798925129725708e-08
4.114947183098591601e-08
4.115095441067457494e-08
4.115243699036323387e-08
4.115391957005189280e-08
4.115540214974055173e-08
4.115688472942920405e-08
4.115836730911786298e-08
4.115984988880652191e-08
4.116133246849518084e-08
4.116281504818383977e-08
4.116429762787249870e-08
4.116578020756115763e-08
4.116726278724981656e-08
4.116874536693847550e-08
4.117022794662713443e-08
4.117171052631578674e-08
4.117319310600444567e-08
4.117467568569310460e-08
4.117615826538176353e-08
4.117764084507042246e-08
4.117912342475908140e-08
4.118060600444774033e-08
4.118208858413639926e-08
4.118357116382505819e-08
4.118505374351371712e-08
4.118653632320236943e-08
4.118801890289102837e-08
4.118950148257968730e-08
4.119098406226834623e-08
4.119246664195700516e-08
4.119394922164566409e-08
4.119543180133432302e-08
4.119691438102298195e-08
4.119839696071164088e-08
4.119987954040029981e-08
4.120136212008895213e-08
4.120284469977761106e-08
4.120432727946626999e-08
4.120580985915492892e-08
4.120729243884358785e-08
4.120877501853224678e-08
4.121025759822090571e-08
4.121174017790956464e-08
4.121322275759822358e-08
4.121470533728688251e-08
4.121618791697553482e-08
4.121767049666419375e-08
4.121915307635285268e-08
4.122063565604151161e-08
4.122211823573017055e-08
4.122360081541882948e-08
4.122508339510748841e-08
4.122656597479614734e-08
4.122804855448480627e-08
4.122953113417346520e-08
4.123101371386211751e-08
4.123249629355077645e-08
4.123397887323943538e-08
4.123546145292809431e-08
4.123694403261675324e-08
4.123842661230541217e-08
4.123990919199407110e-08
4.124139177168273003e-08
4.124287435137138896e-08
4.124435693106004789e-08
4.124583951074870021e-08
4.124732209043735914e-08
4.124880467012601807e-08
4.125028724981467700e-08
4.125176982950333593e-08
4.125325240919199486e-08
4.125473498888065379e-08
4.125621756856931272e-08
4.125770014825797166e-08
4.125918272794662397e-08
4.126066530763528290e-08
4.126214788732394183e-08
4.126363046701260076e-08
4.126511304670125969e-08
4.126659562638991863e-08
4.126807820607857756e-08
4.126956078576723649e-08
4.127104336545589542e-08
4.127252594514455435e-08
4.127400852483321328e-08
4.127549110452186559e-08
4.127697368421052453e-08
4.127845626389918346e-08
4.127993884358784239e-08
4.128142142327650132e-08
4.128290400296516025e-08
4.128438658265381918e-08
4.128586916234247811e-08
4.128735174203113704e-08
4.128883432171978936e-08
4.129031690140844829e-08
4.129179948109710722e-08
4.129328206078576615e-08
4.129476464047442508e-08
4.129624722016308401e-08
4.129772979985174294e-08
4.129921237954040187e-08
4.130069495922906081e-08
4.130217753891771974e-08
4.130366011860637205e-08
4.130514269829503098e-08
4.130662527798368991e-08
4.130810785767234884e-08
4.130959043736100777e-08
4.131107301704966671e-08
4.131255559673832564e-08
4.131403817642698457e-08
4.131552075611564350e-08
4.131700333580430243e-08
4.131848591549295474e-08
4.131996849518161367e-08
4.132145107487027261e-08
4.132293365455893154e-08
4.132441623424759047e-08
4.132589881393624940e-08
4.132738139362490833e-08
4.132886397331356726e-08
4.133034655300222619e-08
4.133182913269088512e-08
4.133331171237953744e-08
4.133479429206819637e-08
4.133627687175685530e-08
4.133775945144551423e-08
4.133924203113417316e-08
4.134072461082283209e-08
4.134220719051149102e-08
4.134368977020014995e-08
4.134517234988880889e-08
4.134665492957746782e-08
4.134813750926612013e-08
4.134962008895477906e-08
4.135110266864343799e-08
4.135258524833209692e-08
4.135406782802075585e-08
4.135555040770941479e-08
4.135703298739807372e-08
4.135851556708673265e-08
4.135999814677539158e-08
4.136148072646405051e-08
4.136296330615270282e-08
4.136444588584136175e-08
4.136592846553002069e-08
4.136741104521867962e-08
4.136889362490733855e-08
4.137037620459599748e-08
4.137185878428465641e-08
4.137334136397331534e-08
4.137482394366197427e-08
4.137630652335063320e-08
4.137778910303928552e-08
4.137927168272794445e-08
4.138075426241660338e-08
4.138223684210526231e-08
4.138371942179392124e-08
4.138520200148258017e-08
4.138668458117123910e-08
4.138816716085989803e-08
4.138964974054855697e-08
4.139113232023721590e-08
4.139261489992586821e-08
4.139409747961452714e-08
4.139558005930318607e-08
4.139706263899184500e-08
4.139854521868050393e-08
4.140002779836916287e-08
4.140151037805782180e-08
4.140299295774648073e-08
4.140447553743513966e-08
4.140595811712379859e-08
4.140744069681245090e-08
4.140892327650110983e-08
4.141040585618976877e-08
4.141188843587842770e-08
4.141337101556708663e-08
4.141485359525574556e-08
4.141633617494440449e-08
4.141781875463306342e-08
4.141930133432172235e-08
4.142078391401037467e-08
4.142226649369903360e-08
4.142374907338769253e-08
4.142523165307635146e-08
4.142671423276501039e-08
4.142819681245366932e-08
4.142967939214232825e-08
4.143116197183098718e-08
4.143264455151964611e-08
4.143412713120830505e-08
4.143560971089696398e-08
4.143709229058561629e-08
4.143857487027427522e-08
4.144005744996293415e-08
4.144154002965159308e-08
4.144302260934025201e-08
4.144450518902891095e-08
4.144598776871756988e-08
4.144747034840622881e-08
4.144895292809488774e-08
4.145043550778354005e-08
4.145191808747219898e-08
4.145340066716085791e-08
4.145488324684951685e-08
4.145636582653817578e-08
4.145784840622683471e-08
4.145933098591549364e-08
4.146081356560415257e-08
4.146229614529281150e-08
4.146377872498147043e-08
4.146526130467012936e-08
4.146674388435878168e-08
4.146822646404744061e-08
4.146970904373609954e-08
4.147119162342475847e-08
4.147267420311341740e-08
4.147415678280207633e-08
4.147563936249073526e-08
4.147712194217939419e-08
4.147860452186805313e-08
4.148008710155670544e-08
4.148156968124536437e-08
4.148305226093402330e-08
4.148453484062268223e-08
4.148601742031134116e-08
4.148750000000000009e-08
