3.679860000000000236e-08
3.680008257968866129e-08
3.680156515937732022e-08
3.680304773906597915e-08
3.680453031875463808e-08
3.680601289844329040e-08
3.680749547813194933e-08
3.680897805782060826e-08
3.681046063750926719e-08
3.681194321719792612e-08
3.681342579688658505e-08
3.681490837657524398e-08
3.681639095626390291e-08
3.681787353595256185e-08
3.681935611564122078e-08
3.682083869532987309e-08
3.682232127501853202e-08
3.682380385470719095e-08
3.682528643439584988e-08
3.682676901408450881e-08
3.682825159377316775e-08
3.682973417346182668e-08
3.683121675315048561e-08
3.683269933283914454e-08
3.683418191252780347e-08
3.683566449221645578e-08
3.683714707190511471e-08
3.683862965159377365e-08
3.684011223128243258e-08
3.684159481097109151e-08
3.684307739065975044e-08
3.684455997034840937e-08
3.684604255003706830e-08
3.684752512972572723e-08
3.684900770941438616e-08
3.685049028910303848e-08
3.685197286879169741e-08
3.685345544848035634e-08
3.685493802816901527e-08
3.685642060785767420e-08
3.685790318754633313e-08
3.685938576723499206e-08
3.686086834692365099e-08
3.686235092661230993e-08
3.686383350630096886e-08
3.686531608598962117e-08
3.686679866567828010e-08
3.686828124536693903e-08
3.686976382505559796e-08
3.687124640474425689e-08
3.687272898443291583e-08
3.687421156412157476e-08
3.687569414381023369e-08
3.687717672349889262e-08
3.687865930318755155e-08
3.688014188287620386e-08
3.688162446256486279e-08
3.688310704225352173e-08
3.688458962194218066e-08
3.688607220163083959e-08
3.688755478131949852e-08
3.688903736100815745e-08
3.689051994069681638e-08
3.689200252038547531e-08
3.689348510007413424e-08
3.689496767976278656e-08
3.689645025945144549e-08
3.689793283914010442e-08
3.689941541882876335e-08
3.690089799851742228e-08
3.690238057820608121e-08
3.690386315789474014e-08
3.690534573758339907e-08
3.690682831727205801e-08
3.690831089696071694e-08
3.690979347664936925e-08
3.691127605633802818e-08
3.691275863602668711e-08
3.691424121571534604e-08
3.691572379540400497e-08
3.691720637509266391e-08
3.691868895478132284e-08
3.692017153446998177e-08
3.692165411415864070e-08
3.692313669384729963e-08
3.692461927353595194e-08
3.692610185322461087e-08
3.692758443291326981e-08
3.692906701260192874e-08
3.693054959229058767e-08
3.693203217197924660e-08
3.693351475166790553e-08
3.693499733135656446e-08
3.693647991104522339e-08
3.693796249073388232e-08
3.693944507042253464e-08
3.694092765011119357e-08
3.694241022979985250e-08
3.694389280948851143e-08
3.694537538917717036e-08
3.694685796886582929e-08
3.694834054855448822e-08
3.694982312824314715e-08
3.695130570793180609e-08
3.695278828762046502e-08
3.695427086730911733e-08
3.695575344699777626e-08
3.695723602668643519e-08
3.695871860637509412e-08
3.696020118606375305e-08
3.696168376575241199e-08
3.696316634544107092e-08
3.696464892512972985e-08
3.696613150481838878e-08
3.696761408450704771e-08
3.696909666419570002e-08
3.697057924388435895e-08
3.697206182357301789e-08
3.697354440326167682e-08
3.697502698295033575e-08
3.697650956263899468e-08
3.697799214232765361e-08
3.697947472201631254e-08
3.698095730170497147e-08
3.698243988139362379e-08
3.698392246108228272e-08
3.698540504077094165e-08
3.698688762045960058e-08
3.698837020014825951e-08
3.698985277983691844e-08
3.699133535952557737e-08
3.699281793921423630e-08
3.699430051890289523e-08
3.699578309859155417e-08
3.699726567828020648e-08
3.699874825796886541e-08
3.700023083765752434e-08
3.700171341734618327e-08
3.700319599703484220e-08
3.700467857672350113e-08
3.700616115641216007e-08
3.700764373610081900e-08
3.700912631578947793e-08
3.701060889547813686e-08
3.701209147516678917e-08
3.701357405485544810e-08
3.701505663454410704e-08
3.701653921423276597e-08
3.701802179392142490e-08
3.701950437361008383e-08
3.702098695329874276e-08
3.702246953298740169e-08
3.702395211267606062e-08
3.702543469236471955e-08
3.702691727205337187e-08
3.702839985174203080e-08
3.702988243143068973e-08
3.703136501111934866e-08
3.703284759080800759e-08
3.703433017049666652e-08
3.703581275018532545e-08
3.703729532987398438e-08
3.703877790956264331e-08
3.704026048925130225e-08
3.704174306893995456e-08
3.704322564862861349e-08
3.704470822831727242e-08
3.704619080800593135e-08
3.704767338769459028e-08
3.704915596738324922e-08
3.705063854707190815e-08
3.705212112676056708e-08
3.705360370644922601e-08
3.705508628613788494e-08
3.705656886582653725e-08
3.705805144551519618e-08
3.705953402520385512e-08
3.706101660489251405e-08
3.706249918458117298e-08
3.706398176426983191e-08
3.706546434395849084e-08
3.706694692364714977e-08
3.706842950333580870e-08
3.706991208302446763e-08
3.707139466271311995e-08
3.707287724240177888e-08
3.707435982209043781e-08
3.707584240177909674e-08
3.707732498146775567e-08
3.707880756115641460e-08
3.708029014084507353e-08
3.708177272053373246e-08
3.708325530022239140e-08
3.708473787991105033e-08
3.708622045959970264e-08
3.708770303928836157e-08
3.708918561897702050e-08
3.709066819866567943e-08
3.709215077835433836e-08
3.709363335804299730e-08
3.709511593773165623e-08
3.709659851742031516e-08
3.709808109710897409e-08
3.709956367679763302e-08
3.710104625648628533e-08
3.710252883617494426e-08
3.710401141586360320e-08
3.710549399555226213e-08
3.710697657524092106e-08
3.710845915492957999e-08
3.710994173461823892e-08
3.711142431430689785e-08
3.711290689399555678e-08
3.711438947368421571e-08
3.711587205337286803e-08
3.711735463306152696e-08
3.711883721275018589e-08
3.712031979243884482e-08
3.712180237212750375e-08
3.712328495181616268e-08
3.712476753150482161e-08
3.712625011119348054e-08
3.712773269088213948e-08
3.712921527057079841e-08
3.713069785025945072e-08
3.713218042994810965e-08
3.713366300963676858e-08
3.713514558932542751e-08
3.713662816901408644e-08
3.713811074870274538e-08
3.713959332839140431e-08
3.714107590808006324e-08
3.714255848776872217e-08
3.714404106745738110e-08
3.714552364714603341e-08
3.714700622683469234e-08
3.714848880652335128e-08
3.714997138621201021e-08
3.715145396590066914e-08
3.715293654558932807e-08
3.715441912527798700e-08
3.715590170496664593e-08
3.715738428465530486e-08
3.715886686434395718e-08
3.716034944403261611e-08
3.716183202372127504e-08
3.716331460340993397e-08
3.716479718309859290e-08
3.716627976278725183e-08
3.716776234247591076e-08
3.716924492216456969e-08
3.717072750185322862e-08
3.717221008154188756e-08
3.717369266123053987e-08
3.717517524091919880e-08
3.717665782060785773e-08
3.717814040029651666e-08
3.717962297998517559e-08
3.718110555967383452e-08
3.718258813936249346e-08
3.718407071905115239e-08
3.718555329873981132e-08
3.718703587842847025e-08
3.718851845811712256e-08
3.719000103780578149e-08
3.719148361749444042e-08
3.719296619718309936e-08
3.719444877687175829e-08
3.719593135656041722e-08
3.719741393624907615e-08
3.719889651593773508e-08
3.720037909562639401e-08
3.720186167531505294e-08
3.720334425500370526e-08
3.720482683469236419e-08
3.720630941438102312e-08
3.720779199406968205e-08
3.720927457375834098e-08
3.721075715344699991e-08
3.721223973313565884e-08
3.721372231282431777e-08
3.721520489251297670e-08
3.721668747220163564e-08
3.721817005189028795e-08
3.721965263157894688e-08
3.722113521126760581e-08
3.722261779095626474e-08
3.722410037064492367e-08
3.722558295033358260e-08
3.722706553002224154e-08
3.722854810971090047e-08
3.723003068939955940e-08
3.723151326908821833e-08
3.723299584877687064e-08
3.723447842846552957e-08
3.723596100815418850e-08
3.723744358784284744e-08
3.723892616753150637e-08
3.724040874722016530e-08
3.724189132690882423e-08
3.724337390659748316e-08
3.724485648628614209e-08
3.724633906597480102e-08
3.724782164566345334e-08
3.724930422535211227e-08
3.725078680504077120e-08
3.725226938472943013e-08
3.725375196441808906e-08
3.725523454410674799e-08
3.725671712379540692e-08
3.725819970348406585e-08
3.725968228317272478e-08
3.726116486286138372e-08
3.726264744255003603e-08
3.726413002223869496e-08
3.726561260192735389e-08
3.726709518161601282e-08
3.726857776130467175e-08
3.727006034099333068e-08
3.727154292068198962e-08
3.727302550037064855e-08
3.727450808005930748e-08
3.727599065974796641e-08
3.727747323943661872e-08
3.727895581912527765e-08
3.728043839881393658e-08
3.728192097850259552e-08
3.728340355819125445e-08
3.728488613787991338e-08
3.728636871756857231e-08
3.728785129725723124e-08
3.728933387694589017e-08
3.729081645663454910e-08
3.729229903632320142e-08
3.729378161601186035e-08
3.729526419570051928e-08
3.729674677538917821e-08
3.729822935507783714e-08
3.729971193476649607e-08
3.730119451445515500e-08
3.730267709414381393e-08
3.730415967383247286e-08
3.730564225352113180e-08
3.730712483320978411e-08
3.730860741289844304e-08
3.731008999258710197e-08
3.731157257227576090e-08
3.731305515196441983e-08
3.731453773165307876e-08
3.731602031134173770e-08
3.731750289103039663e-08
3.731898547071905556e-08
3.732046805040770787e-08
3.732195063009636680e-08
3.732343320978502573e-08
3.732491578947368466e-08
3.732639836916234360e-08
3.732788094885100253e-08
3.732936352853966146e-08
3.733084610822832039e-08
3.733232868791697932e-08
3.733381126760563825e-08
3.733529384729429718e-08
3.733677642698294950e-08
3.733825900667160843e-08
3.733974158636026736e-08
3.734122416604892629e-08
3.734270674573758522e-08
3.734418932542624415e-08
3.734567190511490308e-08
3.734715448480356201e-08
3.734863706449222094e-08
3.735011964418087326e-08
3.735160222386953219e-08
3.735308480355819112e-08
3.735456738324685005e-08
3.735604996293550898e-08
3.735753254262416791e-08
3.735901512231282684e-08
3.736049770200148578e-08
3.736198028169014471e-08
3.736346286137880364e-08
3.736494544106745595e-08
3.736642802075611488e-08
3.736791060044477381e-08
3.736939318013343274e-08
3.737087575982209168e-08
3.737235833951075061e-08
3.737384091919940954e-08
3.737532349888806847e-08
3.737680607857672740e-08
3.737828865826538633e-08
3.737977123795403865e-08
3.738125381764269758e-08
3.738273639733135651e-08
3.738421897702001544e-08
3.738570155670867437e-08
3.738718413639733330e-08
3.738866671608599223e-08
3.739014929577465116e-08
3.739163187546331009e-08
3.739311445515196902e-08
3.739459703484062134e-08
3.739607961452928027e-08
3.739756219421793920e-08
3.739904477390659813e-08
3.740052735359525706e-08
3.740200993328391599e-08
3.740349251297257492e-08
3.740497509266123386e-08
3.740645767234989279e-08
3.740794025203855172e-08
3.740942283172720403e-08
3.741090541141586296e-08
3.741238799110452189e-08
3.741387057079318083e-08
3.741535315048183976e-08
3.741683573017049869e-08
3.741831830985915762e-08
3.741980088954781655e-08
3.742128346923647548e-08
3.742276604892513441e-08
3.742424862861378673e-08
3.742573120830244566e-08
3.742721378799110459e-08
3.742869636767976352e-08
3.743017894736842245e-08
3.743166152705708138e-08
3.743314410674574031e-08
3.743462668643439924e-08
3.743610926612305817e-08
3.743759184581171710e-08
3.743907442550036942e-08
3.744055700518902835e-08
3.744203958487768728e-08
3.744352216456634621e-08
3.744500474425500514e-08
3.744648732394366407e-08
3.744796990363232301e-08
3.744945248332098194e-08
3.745093506300964087e-08
3.745241764269829980e-08
3.745390022238695211e-08
3.745538280207561104e-08
3.745686538176426997e-08
3.745834796145292891e-08
3.745983054114158784e-08
3.746131312083024677e-08
3.746279570051890570e-08
3.746427828020756463e-08
3.746576085989622356e-08
3.746724343958488249e-08
3.746872601927353481e-08
3.747020859896219374e-08
3.747169117865085267e-08
3.747317375833951160e-08
3.747465633802817053e-08
3.747613891771682946e-08
3.747762149740548839e-08
3.747910407709414732e-08
3.748058665678280625e-08
3.748206923647146519e-08
3.748355181616011750e-08
3.748503439584877643e-08
3.748651697553743536e-08
3.748799955522609429e-08
3.748948213491475322e-08
3.749096471460341215e-08
3.749244729429207109e-08
3.749392987398073002e-08
3.749541245366938895e-08
3.749689503335804788e-08
3.749837761304670019e-08
3.749986019273535912e-08
3.750134277242401805e-08
3.750282535211267699e-08
3.750430793180133592e-08
3.750579051148999485e-08
3.750727309117865378e-08
3.750875567086731271e-08
3.751023825055597164e-08
3.751172083024462395e-08
3.751320340993328289e-08
3.751468598962194182e-08
3.751616856931060075e-08
3.751765114899925968e-08
3.751913372868791861e-08
3.752061630837657754e-08
3.752209888806523647e-08
3.752358146775389540e-08
3.752506404744255433e-08
3.752654662713121327e-08
3.752802920681986558e-08
3.752951178650852451e-08
3.753099436619718344e-08
3.753247694588584237e-08
3.753395952557450130e-08
3.753544210526316023e-08
3.753692468495181917e-08
3.753840726464047810e-08
3.753988984432913703e-08
3.754137242401778934e-08
3.754285500370644827e-08
3.754433758339510720e-08
3.754582016308376613e-08
3.754730274277242507e-08
3.754878532246108400e-08
3.755026790214974293e-08
3.755175048183840186e-08
3.755323306152706079e-08
3.755471564121571972e-08
3.755619822090437203e-08
3.755768080059303097e-08
3.755916338028168990e-08
3.756064595997034883e-08
3.756212853965900776e-08
3.756361111934766669e-08
3.756509369903632562e-08
3.756657627872498455e-08
3.756805885841364348e-08
3.756954143810230241e-08
3.757102401779095473e-08
3.757250659747961366e-08
3.757398917716827259e-08
3.757547175685693152e-08
3.757695433654559045e-08
3.757843691623424938e-08
3.757991949592290831e-08
3.758140207561156725e-08
3.758288465530022618e-08
3.758436723498888511e-08
3.758584981467753742e-08
3.758733239436619635e-08
3.758881497405485528e-08
3.759029755374351421e-08
3.759178013343217315e-08
3.759326271312083208e-08
3.759474529280949101e-08
3.759622787249814994e-08
3.759771045218680887e-08
3.759919303187546780e-08
3.760067561156412011e-08
3.760215819125277905e-08
3.760364077094143798e-08
3.760512335063009691e-08
3.760660593031875584e-08
3.760808851000741477e-08
3.760957108969607370e-08
3.761105366938473263e-08
3.761253624907339156e-08
3.761401882876205049e-08
3.761550140845070281e-08
3.761698398813936174e-08
3.761846656782802067e-08
3.761994914751667960e-08
3.762143172720533853e-08
3.762291430689399746e-08
3.762439688658265639e-08
3.762587946627131533e-08
3.762736204595997426e-08
3.762884462564863319e-08
3.763032720533728550e-08
3.763180978502594443e-08
3.763329236471460336e-08
3.763477494440326229e-08
3.763625752409192123e-08
3.763774010378058016e-08
3.763922268346923909e-08
3.764070526315789802e-08
3.764218784284655695e-08
3.764367042253521588e-08
3.764515300222386819e-08
3.764663558191252713e-08
3.764811816160118606e-08
3.764960074128984499e-08
3.765108332097850392e-08
3.765256590066716285e-08
3.765404848035582178e-08
3.765553106004448071e-08
3.765701363973313964e-08
3.765849621942179857e-08
3.765997879911045089e-08
3.766146137879910982e-08
3.766294395848776875e-08
3.766442653817642768e-08
3.766590911786508661e-08
3.766739169755374554e-08
3.766887427724240447e-08
3.767035685693106341e-08
3.767183943661972234e-08
3.767332201630838127e-08
3.767480459599703358e-08
3.767628717568569251e-08
3.767776975537435144e-08
3.767925233506301037e-08
3.768073491475166931e-08
3.768221749444032824e-08
3.768370007412898717e-08
3.768518265381764610e-08
3.768666523350630503e-08
3.768814781319496396e-08
3.768963039288361627e-08
3.769111297257227521e-08
3.769259555226093414e-08
3.769407813194959307e-08
3.769556071163825200e-08
3.769704329132691093e-08
3.769852587101556986e-08
3.770000845070422879e-08
3.770149103039288772e-08
3.770297361008154004e-08
3.770445618977019897e-08
3.770593876945885790e-08
3.770742134914751683e-08
3.770890392883617576e-08
3.771038650852483469e-08
3.771186908821349362e-08
3.771335166790215255e-08
3.771483424759081149e-08
3.771631682727947042e-08
3.771779940696812273e-08
3.771928198665678166e-08
3.772076456634544059e-08
3.772224714603409952e-08
3.772372972572275845e-08
3.772521230541141739e-08
3.772669488510007632e-08
3.772817746478873525e-08
3.772966004447739418e-08
3.773114262416605311e-08
3.773262520385470542e-08
3.773410778354336435e-08
3.773559036323202329e-08
3.773707294292068222e-08
3.773855552260934115e-08
3.774003810229800008e-08
3.774152068198665901e-08
3.774300326167531794e-08
3.774448584136397687e-08
3.774596842105263580e-08
3.774745100074128812e-08
3.774893358042994705e-08
3.775041616011860598e-08
3.775189873980726491e-08
3.775338131949592384e-08
3.775486389918458277e-08
3.775634647887324170e-08
3.775782905856190063e-08
3.775931163825055957e-08
3.776079421793921850e-08
3.776227679762787081e-08
3.776375937731652974e-08
3.776524195700518867e-08
3.776672453669384760e-08
3.776820711638250653e-08
3.776968969607116547e-08
3.777117227575982440e-08
3.777265485544848333e-08
3.777413743513714226e-08
3.777562001482580119e-08
3.777710259451445350e-08
3.777858517420311243e-08
3.778006775389177137e-08
3.778155033358043030e-08
3.778303291326908923e-08
3.778451549295774816e-08
3.778599807264640709e-08
3.778748065233506602e-08
3.778896323202372495e-08
3.779044581171238388e-08
3.779192839140103620e-08
3.779341097108969513e-08
3.779489355077835406e-08
3.779637613046701299e-08
3.779785871015567192e-08
3.779934128984433085e-08
3.780082386953298978e-08
3.780230644922164871e-08
3.780378902891030765e-08
3.780527160859896658e-08
3.780675418828761889e-08
3.780823676797627782e-08
3.780971934766493675e-08
3.781120192735359568e-08
3.781268450704225461e-08
3.781416708673091355e-08
3.781564966641957248e-08
3.781713224610823141e-08
3.781861482579689034e-08
3.782009740548554927e-08
3.782157998517420158e-08
3.782306256486286052e-08
3.782454514455151945e-08
3.782602772424017838e-08
3.782751030392883731e-08
3.782899288361749624e-08
3.783047546330615517e-08
3.783195804299481410e-08
3.783344062268347303e-08
3.783492320237213196e-08
3.783640578206078428e-08
3.783788836174944321e-08
3.783937094143810214e-08
3.784085352112676107e-08
3.784233610081542000e-08
3.784381868050407893e-08
3.784530126019273786e-08
3.784678383988139679e-08
3.784826641957005573e-08
3.784974899925871466e-08
3.785123157894736697e-08
3.785271415863602590e-08
3.785419673832468483e-08
3.785567931801334376e-08
3.785716189770200270e-08
3.785864447739066163e-08
3.786012705707932056e-08
3.786160963676797949e-08
3.786309221645663842e-08
3.786457479614529073e-08
3.786605737583394966e-08
3.786753995552260860e-08
3.786902253521126753e-08
3.787050511489992646e-08
3.787198769458858539e-08
3.787347027427724432e-08
3.787495285396590325e-08
3.787643543365456218e-08
3.787791801334322111e-08
3.787940059303188004e-08
3.788088317272053236e-08
3.788236575240919129e-08
3.788384833209785022e-08
3.788533091178650915e-08
3.788681349147516808e-08
3.788829607116382701e-08
3.788977865085248594e-08
3.789126123054114488e-08
3.789274381022980381e-08
3.789422638991845612e-08
3.789570896960711505e-08
3.789719154929577398e-08
3.789867412898443291e-08
3.790015670867309184e-08
3.790163928836175078e-08
3.790312186805040971e-08
3.790460444773906864e-08
3.790608702742772757e-08
3.790756960711638650e-08
3.790905218680503881e-08
3.791053476649369774e-08
3.791201734618235668e-08
3.791349992587101561e-08
3.791498250555967454e-08
3.791646508524833347e-08
3.791794766493699240e-08
3.791943024462565133e-08
3.792091282431431026e-08
3.792239540400296919e-08
3.792387798369162151e-08
3.792536056338028044e-08
3.792684314306893937e-08
3.792832572275759830e-08
3.792980830244625723e-08
3.793129088213491616e-08
3.793277346182357509e-08
3.793425604151223402e-08
3.793573862120089296e-08
3.793722120088955189e-08
3.793870378057820420e-08
3.794018636026686313e-08
3.794166893995552206e-08
3.794315151964418099e-08
3.794463409933283992e-08
3.794611667902149886e-08
3.794759925871015779e-08
3.794908183839881672e-08
3.795056441808747565e-08
3.795204699777613458e-08
3.795352957746478689e-08
3.795501215715344582e-08
3.795649473684210476e-08
3.795797731653076369e-08
3.795945989621942262e-08
3.796094247590808155e-08
3.796242505559674048e-08
3.796390763528539941e-08
3.796539021497405834e-08
3.796687279466271727e-08
3.796835537435136959e-08
3.796983795404002852e-08
3.797132053372868745e-08
3.797280311341734638e-08
3.797428569310600531e-08
3.797576827279466424e-08
3.797725085248332317e-08
3.797873343217198210e-08
3.798021601186064104e-08
3.798169859154929997e-08
3.798318117123795228e-08
3.798466375092661121e-08
3.798614633061527014e-08
3.798762891030392907e-08
3.798911148999258800e-08
3.799059406968124694e-08
3.799207664936990587e-08
3.799355922905856480e-08
3.799504180874722373e-08
3.799652438843588266e-08
3.799800696812453497e-08
3.799948954781319390e-08
3.800097212750185284e-08
3.800245470719051177e-08
3.800393728687917070e-08
3.800541986656782963e-08
3.800690244625648856e-08
3.800838502594514749e-08
3.800986760563380642e-08
3.801135018532246535e-08
3.801283276501111767e-08
3.801431534469977660e-08
3.801579792438843553e-08
3.801728050407709446e-08
3.801876308376575339e-08
3.802024566345441232e-08
3.802172824314307125e-08
3.802321082283173018e-08
3.802469340252038912e-08
3.802617598220904143e-08
3.802765856189770036e-08
3.802914114158635929e-08
3.803062372127501822e-08
3.803210630096367715e-08
3.803358888065233608e-08
3.803507146034099502e-08
3.803655404002965395e-08
3.803803661971831288e-08
3.803951919940697181e-08
3.804100177909563074e-08
3.804248435878428305e-08
3.804396693847294198e-08
3.804544951816160092e-08
3.804693209785025985e-08
3.804841467753891878e-08
3.804989725722757771e-08
3.805137983691623664e-08
3.805286241660489557e-08
3.805434499629355450e-08
3.805582757598220682e-08
3.805731015567086575e-08
3.805879273535952468e-08
3.806027531504818361e-08
3.806175789473684254e-08
3.806324047442550147e-08
3.806472305411416040e-08
3.806620563380281933e-08
3.806768821349147826e-08
3.806917079318013720e-08
3.807065337286879613e-08
3.807213595255744844e-08
3.807361853224610737e-08
3.807510111193476630e-08
3.807658369162342523e-08
3.807806627131208416e-08
3.807954885100074310e-08
3.808103143068940203e-08
3.808251401037806096e-08
3.808399659006671989e-08
3.808547916975537220e-08
3.808696174944403113e-08
3.808844432913269006e-08
3.808992690882134900e-08
3.809140948851000793e-08
3.809289206819866686e-08
3.809437464788732579e-08
3.809585722757598472e-08
3.809733980726464365e-08
3.809882238695330258e-08
3.810030496664195490e-08
3.810178754633061383e-08
3.810327012601927276e-08
3.810475270570793169e-08
3.810623528539659062e-08
3.810771786508524955e-08
3.810920044477390848e-08
3.811068302446256741e-08
3.811216560415122634e-08
3.811364818383988528e-08
3.811513076352853759e-08
3.811661334321719652e-08
3.811809592290585545e-08
3.811957850259451438e-08
3.812106108228317331e-08
3.812254366197183224e-08
3.812402624166049118e-08
3.812550882134915011e-08
3.812699140103780904e-08
3.812847398072646797e-08
3.812995656041512028e-08
3.813143914010377921e-08
3.813292171979243814e-08
3.813440429948109708e-08
3.813588687916975601e-08
3.813736945885841494e-08
3.813885203854707387e-08
3.814033461823573280e-08
3.814181719792439173e-08
3.814329977761305066e-08
3.814478235730170298e-08
3.814626493699036191e-08
3.814774751667902084e-08
3.814923009636767977e-08
3.815071267605633870e-08
3.815219525574499763e-08
3.815367783543365656e-08
3.815516041512231549e-08
3.815664299481097442e-08
3.815812557449963336e-08
3.815960815418828567e-08
3.816109073387694460e-08
3.816257331356560353e-08
3.816405589325426246e-08
3.816553847294292139e-08
3.816702105263158032e-08
3.816850363232023926e-08
3.816998621200889819e-08
3.817146879169755712e-08
3.817295137138621605e-08
3.817443395107486836e-08
3.817591653076352729e-08
3.817739911045218622e-08
3.817888169014084516e-08
3.818036426982950409e-08
3.818184684951816302e-08
3.818332942920682195e-08
3.818481200889548088e-08
3.818629458858413981e-08
3.818777716827279874e-08
3.818925974796145106e-08
3.819074232765010999e-08
3.819222490733876892e-08
3.819370748702742785e-08
3.819519006671608678e-08
3.819667264640474571e-08
3.819815522609340464e-08
3.819963780578206357e-08
3.820112038547072250e-08
3.820260296515938144e-08
3.820408554484803375e-08
3.820556812453669268e-08
3.820705070422535161e-08
3.820853328391401054e-08
3.821001586360266947e-08
3.821149844329132840e-08
3.821298102297998734e-08
3.821446360266864627e-08
3.821594618235730520e-08
3.821742876204595751e-08
3.821891134173461644e-08
3.822039392142327537e-08
3.822187650111193431e-08
3.822335908080059324e-08
3.822484166048925217e-08
3.822632424017791110e-08
3.822780681986657003e-08
3.822928939955522896e-08
3.823077197924388789e-08
3.823225455893254682e-08
3.823373713862119914e-08
3.823521971830985807e-08
3.823670229799851700e-08
3.823818487768717593e-08
3.823966745737583486e-08
3.824115003706449379e-08
3.824263261675315272e-08
3.824411519644181165e-08
3.824559777613047058e-08
3.824708035581912290e-08
3.824856293550778183e-08
3.825004551519644076e-08
3.825152809488509969e-08
3.825301067457375862e-08
3.825449325426241755e-08
3.825597583395107649e-08
3.825745841363973542e-08
3.825894099332839435e-08
3.826042357301705328e-08
3.826190615270570559e-08
3.826338873239436452e-08
3.826487131208302345e-08
3.826635389177168239e-08
3.826783647146034132e-08
3.826931905114900025e-08
3.827080163083765918e-08
3.827228421052631811e-08
3.827376679021497704e-08
3.827524936990363597e-08
3.827673194959228829e-08
3.827821452928094722e-08
3.827969710896960615e-08
3.828117968865826508e-08
3.828266226834692401e-08
3.828414484803558294e-08
3.828562742772424187e-08
3.828711000741290080e-08
3.828859258710155973e-08
3.829007516679021867e-08
3.829155774647887098e-08
3.829304032616752991e-08
3.829452290585618884e-08
3.829600548554484777e-08
3.829748806523350670e-08
3.829897064492216563e-08
3.830045322461082457e-08
3.830193580429948350e-08
3.830341838398814243e-08
3.830490096367680136e-08
3.830638354336545367e-08
3.830786612305411260e-08
3.830934870274277153e-08
3.831083128243143047e-08
3.831231386212008940e-08
3.831379644180874833e-08
3.831527902149740726e-08
3.831676160118606619e-08
3.831824418087472512e-08
3.831972676056338405e-08
3.832120934025203637e-08
3.832269191994069530e-08
3.832417449962935423e-08
3.832565707931801316e-08
3.832713965900667209e-08
3.832862223869533102e-08
3.833010481838398995e-08
3.833158739807264888e-08
3.833306997776130781e-08
3.833455255744996675e-08
3.833603513713861906e-08
3.833751771682727799e-08
3.833900029651593692e-08
3.834048287620459585e-08
3.834196545589325478e-08
3.834344803558191371e-08
3.834493061527057265e-08
3.834641319495923158e-08
3.834789577464789051e-08
3.834937835433654944e-08
3.835086093402520175e-08
3.835234351371386068e-08
3.835382609340251961e-08
3.835530867309117855e-08
3.835679125277983748e-08
3.835827383246849641e-08
3.835975641215715534e-08
3.836123899184581427e-08
3.836272157153447320e-08
3.836420415122313213e-08
3.836568673091178445e-08
3.836716931060044338e-08
3.836865189028910231e-08
3.837013446997776124e-08
3.837161704966642017e-08
3.837309962935507910e-08
3.837458220904373803e-08
3.837606478873239696e-08
3.837754736842105589e-08
3.837902994810970821e-08
3.838051252779836714e-08
3.838199510748702607e-08
3.838347768717568500e-08
3.838496026686434393e-08
3.838644284655300286e-08
3.838792542624166179e-08
3.838940800593032073e-08
3.839089058561897966e-08
3.839237316530763859e-08
3.839385574499629752e-08
3.839533832468494983e-08
3.839682090437360876e-08
3.839830348406226769e-08
3.839978606375092663e-08
3.840126864343958556e-08
3.840275122312824449e-08
3.840423380281690342e-08
3.840571638250556235e-08
3.840719896219422128e-08
3.840868154188287359e-08
3.841016412157153253e-08
3.841164670126019146e-08
3.841312928094885039e-08
3.841461186063750932e-08
3.841609444032616825e-08
3.841757702001482718e-08
3.841905959970348611e-08
3.842054217939214504e-08
3.842202475908080397e-08
3.842350733876946291e-08
3.842498991845811522e-08
3.842647249814677415e-08
3.842795507783543308e-08
3.842943765752409201e-08
3.843092023721275094e-08
3.843240281690140987e-08
3.843388539659006881e-08
3.843536797627872774e-08
3.843685055596738667e-08
3.843833313565603898e-08
3.843981571534469791e-08
3.844129829503335684e-08
3.844278087472201577e-08
3.844426345441067471e-08
3.844574603409933364e-08
3.844722861378799257e-08
3.844871119347665150e-08
3.845019377316531043e-08
3.845167635285396936e-08
3.845315893254262167e-08
3.845464151223128061e-08
3.845612409191993954e-08
3.845760667160859847e-08
3.845908925129725740e-08
3.846057183098591633e-08
3.846205441067457526e-08
3.846353699036323419e-08
3.846501957005189312e-08
3.846650214974055205e-08
3.846798472942920437e-08
3.846946730911786330e-08
3.847094988880652223e-08
3.847243246849518116e-08
3.847391504818384009e-08
3.847539762787249902e-08
3.847688020756115795e-08
3.847836278724981689e-08
3.847984536693847582e-08
3.848132794662713475e-08
3.848281052631578706e-08
3.848429310600444599e-08
3.848577568569310492e-08
3.848725826538176385e-08
3.848874084507042279e-08
3.849022342475908172e-08
3.849170600444774065e-08
3.849318858413639958e-08
3.849467116382505851e-08
3.849615374351371744e-08
3.849763632320236975e-08
3.849911890289102869e-08
3.850060148257968762e-08
3.850208406226834655e-08
3.850356664195700548e-08
3.850504922164566441e-08
3.850653180133432334e-08
3.850801438102298227e-08
3.850949696071164120e-08
3.851097954040030013e-08
3.851246212008895245e-08
3.851394469977761138e-08
3.851542727946627031e-08
3.851690985915492924e-08
3.851839243884358817e-08
3.851987501853224710e-08
3.852135759822090603e-08
3.852284017790956497e-08
3.852432275759822390e-08
3.852580533728688283e-08
3.852728791697553514e-08
3.852877049666419407e-08
3.853025307635285300e-08
3.853173565604151193e-08
3.853321823573017087e-08
3.853470081541882980e-08
3.853618339510748873e-08
3.853766597479614766e-08
3.853914855448480659e-08
3.854063113417346552e-08
3.854211371386211783e-08
3.854359629355077677e-08
3.854507887323943570e-08
3.854656145292809463e-08
3.854804403261675356e-08
3.854952661230541249e-08
3.855100919199407142e-08
3.855249177168273035e-08
3.855397435137138928e-08
3.855545693106004821e-08
3.855693951074870053e-08
3.855842209043735946e-08
3.855990467012601839e-08
3.856138724981467732e-08
3.856286982950333625e-08
3.856435240919199518e-08
3.856583498888065411e-08
3.856731756856931305e-08
3.856880014825797198e-08
3.857028272794662429e-08
3.857176530763528322e-08
3.857324788732394215e-08
3.857473046701260108e-08
3.857621304670126001e-08
3.857769562638991895e-08
3.857917820607857788e-08
3.858066078576723681e-08
3.858214336545589574e-08
3.858362594514455467e-08
3.858510852483321360e-08
3.858659110452186592e-08
3.858807368421052485e-08
3.858955626389918378e-08
3.859103884358784271e-08
3.859252142327650164e-08
3.859400400296516057e-08
3.859548658265381950e-08
3.859696916234247843e-08
3.859845174203113736e-08
3.859993432171978968e-08
3.860141690140844861e-08
3.860289948109710754e-08
3.860438206078576647e-08
3.860586464047442540e-08
3.860734722016308433e-08
3.860882979985174326e-08
3.861031237954040219e-08
3.861179495922906113e-08
3.861327753891772006e-08
3.861476011860637237e-08
3.861624269829503130e-08
3.861772527798369023e-08
3.861920785767234916e-08
3.862069043736100809e-08
3.862217301704966703e-08
3.862365559673832596e-08
3.862513817642698489e-08
3.862662075611564382e-08
3.862810333580430275e-08
3.862958591549295506e-08
3.863106849518161400e-08
3.863255107487027293e-08
3.863403365455893186e-08
3.863551623424759079e-08
3.863699881393624972e-08
3.863848139362490865e-08
3.863996397331356758e-08
3.864144655300222651e-08
3.864292913269088544e-08
3.864441171237953776e-08
3.864589429206819669e-08
3.864737687175685562e-08
3.864885945144551455e-08
3.865034203113417348e-08
3.865182461082283241e-08
3.865330719051149134e-08
3.865478977020015027e-08
3.865627234988880921e-08
3.865775492957746814e-08
3.865923750926612045e-08
3.866072008895477938e-08
3.866220266864343831e-08
3.866368524833209724e-08
3.866516782802075618e-08
3.866665040770941511e-08
3.866813298739807404e-08
3.866961556708673297e-08
3.867109814677539190e-08
3.867258072646405083e-08
3.867406330615270314e-08
3.867554588584136208e-08
3.867702846553002101e-08
3.867851104521867994e-08
3.867999362490733887e-08
3.868147620459599780e-08
3.868295878428465673e-08
3.868444136397331566e-08
3.868592394366197459e-08
3.868740652335063352e-08
3.868888910303928584e-08
3.869037168272794477e-08
3.869185426241660370e-08
3.869333684210526263e-08
3.869481942179392156e-08
3.869630200148258049e-08
3.869778458117123942e-08
3.869926716085989836e-08
3.870074974054855729e-08
3.870223232023721622e-08
3.870371489992586853e-08
3.870519747961452746e-08
3.870668005930318639e-08
3.870816263899184532e-08
3.870964521868050426e-08
3.871112779836916319e-08
3.871261037805782212e-08
3.871409295774648105e-08
3.871557553743513998e-08
3.871705811712379891e-08
3.871854069681245122e-08
3.872002327650111016e-08
3.872150585618976909e-08
3.872298843587842802e-08
3.872447101556708695e-08
3.872595359525574588e-08
3.872743617494440481e-08
3.872891875463306374e-08
3.873040133432172267e-08
3.873188391401037499e-08
3.873336649369903392e-08
3.873484907338769285e-08
3.873633165307635178e-08
3.873781423276501071e-08
3.873929681245366964e-08
3.874077939214232857e-08
3.874226197183098750e-08
3.874374455151964644e-08
3.874522713120830537e-08
3.874670971089696430e-08
3.874819229058561661e-08
3.874967487027427554e-08
3.875115744996293447e-08
3.875264002965159340e-08
3.875412260934025234e-08
3.875560518902891127e-08
3.875708776871757020e-08
3.875857034840622913e-08
3.876005292809488806e-08
3.876153550778354037e-08
3.876301808747219930e-08
3.876450066716085824e-08
3.876598324684951717e-08
3.876746582653817610e-08
3.876894840622683503e-08
3.877043098591549396e-08
3.877191356560415289e-08
3.877339614529281182e-08
3.877487872498147075e-08
3.877636130467012968e-08
3.877784388435878200e-08
3.877932646404744093e-08
3.878080904373609986e-08
3.878229162342475879e-08
3.878377420311341772e-08
3.878525678280207665e-08
3.878673936249073558e-08
3.878822194217939452e-08
3.878970452186805345e-08
3.879118710155670576e-08
3.879266968124536469e-08
3.879415226093402362e-08
3.879563484062268255e-08
3.879711742031134148e-08
3.879860000000000042e-08
