3.405290000000000180e-08
3.405438257968866073e-08
3.405586515937731966e-08
3.405734773906597859e-08
3.405883031875463752e-08
3.406031289844328984e-08
3.406179547813194877e-08
3.406327805782060770e-08
3.406476063750926663e-08
3.406624321719792556e-08
3.406772579688658449e-08
3.406920837657524342e-08
3.407069095626390236e-08
3.407217353595256129e-08
3.407365611564122022e-08
3.407513869532987253e-08
3.407662127501853146e-08
3.407810385470719039e-08
3.407958643439584933e-08
3.408106901408450826e-08
3.408255159377316719e-08
3.408403417346182612e-08
3.408551675315048505e-08
3.408699933283914398e-08
3.408848191252780291e-08
3.408996449221645523e-08
3.409144707190511416e-08
3.409292965159377309e-08
3.409441223128243202e-08
3.409589481097109095e-08
3.409737739065974988e-08
3.409885997034840881e-08
3.410034255003706774e-08
3.410182512972572667e-08
3.410330770941438560e-08
3.410479028910303792e-08
3.410627286879169685e-08
3.410775544848035578e-08
3.410923802816901471e-08
3.411072060785767364e-08
3.411220318754633257e-08
3.411368576723499151e-08
3.411516834692365044e-08
3.411665092661230937e-08
3.411813350630096830e-08
3.411961608598962061e-08
3.412109866567827954e-08
3.412258124536693847e-08
3.412406382505559741e-08
3.412554640474425634e-08
3.412702898443291527e-08
3.412851156412157420e-08
3.412999414381023313e-08
3.413147672349889206e-08
3.413295930318755099e-08
3.413444188287620331e-08
3.413592446256486224e-08
3.413740704225352117e-08
3.413888962194218010e-08
3.414037220163083903e-08
3.414185478131949796e-08
3.414333736100815689e-08
3.414481994069681582e-08
3.414630252038547475e-08
3.414778510007413369e-08
3.414926767976278600e-08
3.415075025945144493e-08
3.415223283914010386e-08
3.415371541882876279e-08
3.415519799851742172e-08
3.415668057820608065e-08
3.415816315789473959e-08
3.415964573758339852e-08
3.416112831727205745e-08
3.416261089696071638e-08
3.416409347664936869e-08
3.416557605633802762e-08
3.416705863602668655e-08
3.416854121571534549e-08
3.417002379540400442e-08
3.417150637509266335e-08
3.417298895478132228e-08
3.417447153446998121e-08
3.417595411415864014e-08
3.417743669384729907e-08
3.417891927353595139e-08
3.418040185322461032e-08
3.418188443291326925e-08
3.418336701260192818e-08
3.418484959229058711e-08
3.418633217197924604e-08
3.418781475166790497e-08
3.418929733135656390e-08
3.419077991104522283e-08
3.419226249073388177e-08
3.419374507042253408e-08
3.419522765011119301e-08
3.419671022979985194e-08
3.419819280948851087e-08
3.419967538917716980e-08
3.420115796886582873e-08
3.420264054855448767e-08
3.420412312824314660e-08
3.420560570793180553e-08
3.420708828762046446e-08
3.420857086730911677e-08
3.421005344699777570e-08
3.421153602668643463e-08
3.421301860637509357e-08
3.421450118606375250e-08
3.421598376575241143e-08
3.421746634544107036e-08
3.421894892512972929e-08
3.422043150481838822e-08
3.422191408450704715e-08
3.422339666419569947e-08
3.422487924388435840e-08
3.422636182357301733e-08
3.422784440326167626e-08
3.422932698295033519e-08
3.423080956263899412e-08
3.423229214232765305e-08
3.423377472201631198e-08
3.423525730170497091e-08
3.423673988139362323e-08
3.423822246108228216e-08
3.423970504077094109e-08
3.424118762045960002e-08
3.424267020014825895e-08
3.424415277983691788e-08
3.424563535952557681e-08
3.424711793921423575e-08
3.424860051890289468e-08
3.425008309859155361e-08
3.425156567828020592e-08
3.425304825796886485e-08
3.425453083765752378e-08
3.425601341734618271e-08
3.425749599703484165e-08
3.425897857672350058e-08
3.426046115641215951e-08
3.426194373610081844e-08
3.426342631578947737e-08
3.426490889547813630e-08
3.426639147516678861e-08
3.426787405485544755e-08
3.426935663454410648e-08
3.427083921423276541e-08
3.427232179392142434e-08
3.427380437361008327e-08
3.427528695329874220e-08
3.427676953298740113e-08
3.427825211267606006e-08
3.427973469236471899e-08
3.428121727205337131e-08
3.428269985174203024e-08
3.428418243143068917e-08
3.428566501111934810e-08
3.428714759080800703e-08
3.428863017049666596e-08
3.429011275018532489e-08
3.429159532987398383e-08
3.429307790956264276e-08
3.429456048925130169e-08
3.429604306893995400e-08
3.429752564862861293e-08
3.429900822831727186e-08
3.430049080800593079e-08
3.430197338769458973e-08
3.430345596738324866e-08
3.430493854707190759e-08
3.430642112676056652e-08
3.430790370644922545e-08
3.430938628613788438e-08
3.431086886582653669e-08
3.431235144551519563e-08
3.431383402520385456e-08
3.431531660489251349e-08
3.431679918458117242e-08
3.431828176426983135e-08
3.431976434395849028e-08
3.432124692364714921e-08
3.432272950333580814e-08
3.432421208302446707e-08
3.432569466271311939e-08
3.432717724240177832e-08
3.432865982209043725e-08
3.433014240177909618e-08
3.433162498146775511e-08
3.433310756115641404e-08
3.433459014084507297e-08
3.433607272053373191e-08
3.433755530022239084e-08
3.433903787991104977e-08
3.434052045959970208e-08
3.434200303928836101e-08
3.434348561897701994e-08
3.434496819866567887e-08
3.434645077835433781e-08
3.434793335804299674e-08
3.434941593773165567e-08
3.435089851742031460e-08
3.435238109710897353e-08
3.435386367679763246e-08
3.435534625648628477e-08
3.435682883617494371e-08
3.435831141586360264e-08
3.435979399555226157e-08
3.436127657524092050e-08
3.436275915492957943e-08
3.436424173461823836e-08
3.436572431430689729e-08
3.436720689399555622e-08
3.436868947368421515e-08
3.437017205337286747e-08
3.437165463306152640e-08
3.437313721275018533e-08
3.437461979243884426e-08
3.437610237212750319e-08
3.437758495181616212e-08
3.437906753150482105e-08
3.438055011119347999e-08
3.438203269088213892e-08
3.438351527057079785e-08
3.438499785025945016e-08
3.438648042994810909e-08
3.438796300963676802e-08
3.438944558932542695e-08
3.439092816901408589e-08
3.439241074870274482e-08
3.439389332839140375e-08
3.439537590808006268e-08
3.439685848776872161e-08
3.439834106745738054e-08
3.439982364714603285e-08
3.440130622683469179e-08
3.440278880652335072e-08
3.440427138621200965e-08
3.440575396590066858e-08
3.440723654558932751e-08
3.440871912527798644e-08
3.441020170496664537e-08
3.441168428465530430e-08
3.441316686434395662e-08
3.441464944403261555e-08
3.441613202372127448e-08
3.441761460340993341e-08
3.441909718309859234e-08
3.442057976278725127e-08
3.442206234247591020e-08
3.442354492216456913e-08
3.442502750185322807e-08
3.442651008154188700e-08
3.442799266123053931e-08
3.442947524091919824e-08
3.443095782060785717e-08
3.443244040029651610e-08
3.443392297998517503e-08
3.443540555967383397e-08
3.443688813936249290e-08
3.443837071905115183e-08
3.443985329873981076e-08
3.444133587842846969e-08
3.444281845811712200e-08
3.444430103780578094e-08
3.444578361749443987e-08
3.444726619718309880e-08
3.444874877687175773e-08
3.445023135656041666e-08
3.445171393624907559e-08
3.445319651593773452e-08
3.445467909562639345e-08
3.445616167531505238e-08
3.445764425500370470e-08
3.445912683469236363e-08
3.446060941438102256e-08
3.446209199406968149e-08
3.446357457375834042e-08
3.446505715344699935e-08
3.446653973313565828e-08
3.446802231282431721e-08
3.446950489251297615e-08
3.447098747220163508e-08
3.447247005189028739e-08
3.447395263157894632e-08
3.447543521126760525e-08
3.447691779095626418e-08
3.447840037064492312e-08
3.447988295033358205e-08
3.448136553002224098e-08
3.448284810971089991e-08
3.448433068939955884e-08
3.448581326908821777e-08
3.448729584877687008e-08
3.448877842846552902e-08
3.449026100815418795e-08
3.449174358784284688e-08
3.449322616753150581e-08
3.449470874722016474e-08
3.449619132690882367e-08
3.449767390659748260e-08
3.449915648628614153e-08
3.450063906597480046e-08
3.450212164566345278e-08
3.450360422535211171e-08
3.450508680504077064e-08
3.450656938472942957e-08
3.450805196441808850e-08
3.450953454410674743e-08
3.451101712379540636e-08
3.451249970348406529e-08
3.451398228317272423e-08
3.451546486286138316e-08
3.451694744255003547e-08
3.451843002223869440e-08
3.451991260192735333e-08
3.452139518161601226e-08
3.452287776130467120e-08
3.452436034099333013e-08
3.452584292068198906e-08
3.452732550037064799e-08
3.452880808005930692e-08
3.453029065974796585e-08
3.453177323943661816e-08
3.453325581912527710e-08
3.453473839881393603e-08
3.453622097850259496e-08
3.453770355819125389e-08
3.453918613787991282e-08
3.454066871756857175e-08
3.454215129725723068e-08
3.454363387694588961e-08
3.454511645663454854e-08
3.454659903632320086e-08
3.454808161601185979e-08
3.454956419570051872e-08
3.455104677538917765e-08
3.455252935507783658e-08
3.455401193476649551e-08
3.455549451445515444e-08
3.455697709414381338e-08
3.455845967383247231e-08
3.455994225352113124e-08
3.456142483320978355e-08
3.456290741289844248e-08
3.456438999258710141e-08
3.456587257227576034e-08
3.456735515196441928e-08
3.456883773165307821e-08
3.457032031134173714e-08
3.457180289103039607e-08
3.457328547071905500e-08
3.457476805040770731e-08
3.457625063009636624e-08
3.457773320978502518e-08
3.457921578947368411e-08
3.458069836916234304e-08
3.458218094885100197e-08
3.458366352853966090e-08
3.458514610822831983e-08
3.458662868791697876e-08
3.458811126760563769e-08
3.458959384729429662e-08
3.459107642698294894e-08
3.459255900667160787e-08
3.459404158636026680e-08
3.459552416604892573e-08
3.459700674573758466e-08
3.459848932542624359e-08
3.459997190511490252e-08
3.460145448480356146e-08
3.460293706449222039e-08
3.460441964418087270e-08
3.460590222386953163e-08
3.460738480355819056e-08
3.460886738324684949e-08
3.461034996293550842e-08
3.461183254262416736e-08
3.461331512231282629e-08
3.461479770200148522e-08
3.461628028169014415e-08
3.461776286137880308e-08
3.461924544106745539e-08
3.462072802075611432e-08
3.462221060044477326e-08
3.462369318013343219e-08
3.462517575982209112e-08
3.462665833951075005e-08
3.462814091919940898e-08
3.462962349888806791e-08
3.463110607857672684e-08
3.463258865826538577e-08
3.463407123795403809e-08
3.463555381764269702e-08
3.463703639733135595e-08
3.463851897702001488e-08
3.464000155670867381e-08
3.464148413639733274e-08
3.464296671608599167e-08
3.464444929577465060e-08
3.464593187546330954e-08
3.464741445515196847e-08
3.464889703484062078e-08
3.465037961452927971e-08
3.465186219421793864e-08
3.465334477390659757e-08
3.465482735359525650e-08
3.465630993328391544e-08
3.465779251297257437e-08
3.465927509266123330e-08
3.466075767234989223e-08
3.466224025203855116e-08
3.466372283172720347e-08
3.466520541141586240e-08
3.466668799110452134e-08
3.466817057079318027e-08
3.466965315048183920e-08
3.467113573017049813e-08
3.467261830985915706e-08
3.467410088954781599e-08
3.467558346923647492e-08
3.467706604892513385e-08
3.467854862861378617e-08
3.468003120830244510e-08
3.468151378799110403e-08
3.468299636767976296e-08
3.468447894736842189e-08
3.468596152705708082e-08
3.468744410674573975e-08
3.468892668643439868e-08
3.469040926612305762e-08
3.469189184581171655e-08
3.469337442550036886e-08
3.469485700518902779e-08
3.469633958487768672e-08
3.469782216456634565e-08
3.469930474425500458e-08
3.470078732394366352e-08
3.470226990363232245e-08
3.470375248332098138e-08
3.470523506300964031e-08
3.470671764269829924e-08
3.470820022238695155e-08
3.470968280207561048e-08
3.471116538176426942e-08
3.471264796145292835e-08
3.471413054114158728e-08
3.471561312083024621e-08
3.471709570051890514e-08
3.471857828020756407e-08
3.472006085989622300e-08
3.472154343958488193e-08
3.472302601927353425e-08
3.472450859896219318e-08
3.472599117865085211e-08
3.472747375833951104e-08
3.472895633802816997e-08
3.473043891771682890e-08
3.473192149740548783e-08
3.473340407709414676e-08
3.473488665678280570e-08
3.473636923647146463e-08
3.473785181616011694e-08
3.473933439584877587e-08
3.474081697553743480e-08
3.474229955522609373e-08
3.474378213491475266e-08
3.474526471460341160e-08
3.474674729429207053e-08
3.474822987398072946e-08
3.474971245366938839e-08
3.475119503335804732e-08
3.475267761304669963e-08
3.475416019273535856e-08
3.475564277242401750e-08
3.475712535211267643e-08
3.475860793180133536e-08
3.476009051148999429e-08
3.476157309117865322e-08
3.476305567086731215e-08
3.476453825055597108e-08
3.476602083024462340e-08
3.476750340993328233e-08
3.476898598962194126e-08
3.477046856931060019e-08
3.477195114899925912e-08
3.477343372868791805e-08
3.477491630837657698e-08
3.477639888806523591e-08
3.477788146775389484e-08
3.477936404744255378e-08
3.478084662713121271e-08
3.478232920681986502e-08
3.478381178650852395e-08
3.478529436619718288e-08
3.478677694588584181e-08
3.478825952557450074e-08
3.478974210526315968e-08
3.479122468495181861e-08
3.479270726464047754e-08
3.479418984432913647e-08
3.479567242401778878e-08
3.479715500370644771e-08
3.479863758339510664e-08
3.480012016308376558e-08
3.480160274277242451e-08
3.480308532246108344e-08
3.480456790214974237e-08
3.480605048183840130e-08
3.480753306152706023e-08
3.480901564121571916e-08
3.481049822090437148e-08
3.481198080059303041e-08
3.481346338028168934e-08
3.481494595997034827e-08
3.481642853965900720e-08
3.481791111934766613e-08
3.481939369903632506e-08
3.482087627872498399e-08
3.482235885841364292e-08
3.482384143810230186e-08
3.482532401779095417e-08
3.482680659747961310e-08
3.482828917716827203e-08
3.482977175685693096e-08
3.483125433654558989e-08
3.483273691623424882e-08
3.483421949592290776e-08
3.483570207561156669e-08
3.483718465530022562e-08
3.483866723498888455e-08
3.484014981467753686e-08
3.484163239436619579e-08
3.484311497405485472e-08
3.484459755374351366e-08
3.484608013343217259e-08
3.484756271312083152e-08
3.484904529280949045e-08
3.485052787249814938e-08
3.485201045218680831e-08
3.485349303187546724e-08
3.485497561156411956e-08
3.485645819125277849e-08
3.485794077094143742e-08
3.485942335063009635e-08
3.486090593031875528e-08
3.486238851000741421e-08
3.486387108969607314e-08
3.486535366938473207e-08
3.486683624907339100e-08
3.486831882876204994e-08
3.486980140845070225e-08
3.487128398813936118e-08
3.487276656782802011e-08
3.487424914751667904e-08
3.487573172720533797e-08
3.487721430689399690e-08
3.487869688658265584e-08
3.488017946627131477e-08
3.488166204595997370e-08
3.488314462564863263e-08
3.488462720533728494e-08
3.488610978502594387e-08
3.488759236471460281e-08
3.488907494440326174e-08
3.489055752409192067e-08
3.489204010378057960e-08
3.489352268346923853e-08
3.489500526315789746e-08
3.489648784284655639e-08
3.489797042253521532e-08
3.489945300222386764e-08
3.490093558191252657e-08
3.490241816160118550e-08
3.490390074128984443e-08
3.490538332097850336e-08
3.490686590066716229e-08
3.490834848035582122e-08
3.490983106004448015e-08
3.491131363973313908e-08
3.491279621942179802e-08
3.491427879911045033e-08
3.491576137879910926e-08
3.491724395848776819e-08
3.491872653817642712e-08
3.492020911786508605e-08
3.492169169755374499e-08
3.492317427724240392e-08
3.492465685693106285e-08
3.492613943661972178e-08
3.492762201630838071e-08
3.492910459599703302e-08
3.493058717568569195e-08
3.493206975537435089e-08
3.493355233506300982e-08
3.493503491475166875e-08
3.493651749444032768e-08
3.493800007412898661e-08
3.493948265381764554e-08
3.494096523350630447e-08
3.494244781319496340e-08
3.494393039288361572e-08
3.494541297257227465e-08
3.494689555226093358e-08
3.494837813194959251e-08
3.494986071163825144e-08
3.495134329132691037e-08
3.495282587101556930e-08
3.495430845070422823e-08
3.495579103039288717e-08
3.495727361008153948e-08
3.495875618977019841e-08
3.496023876945885734e-08
3.496172134914751627e-08
3.496320392883617520e-08
3.496468650852483413e-08
3.496616908821349307e-08
3.496765166790215200e-08
3.496913424759081093e-08
3.497061682727946986e-08
3.497209940696812217e-08
3.497358198665678110e-08
3.497506456634544003e-08
3.497654714603409897e-08
3.497802972572275790e-08
3.497951230541141683e-08
3.498099488510007576e-08
3.498247746478873469e-08
3.498396004447739362e-08
3.498544262416605255e-08
3.498692520385470487e-08
3.498840778354336380e-08
3.498989036323202273e-08
3.499137294292068166e-08
3.499285552260934059e-08
3.499433810229799952e-08
3.499582068198665845e-08
3.499730326167531738e-08
3.499878584136397631e-08
3.500026842105263525e-08
3.500175100074128756e-08
3.500323358042994649e-08
3.500471616011860542e-08
3.500619873980726435e-08
3.500768131949592328e-08
3.500916389918458221e-08
3.501064647887324115e-08
3.501212905856190008e-08
3.501361163825055901e-08
3.501509421793921794e-08
3.501657679762787025e-08
3.501805937731652918e-08
3.501954195700518811e-08
3.502102453669384705e-08
3.502250711638250598e-08
3.502398969607116491e-08
3.502547227575982384e-08
3.502695485544848277e-08
3.502843743513714170e-08
3.502992001482580063e-08
3.503140259451445295e-08
3.503288517420311188e-08
3.503436775389177081e-08
3.503585033358042974e-08
3.503733291326908867e-08
3.503881549295774760e-08
3.504029807264640653e-08
3.504178065233506546e-08
3.504326323202372439e-08
3.504474581171238333e-08
3.504622839140103564e-08
3.504771097108969457e-08
3.504919355077835350e-08
3.505067613046701243e-08
3.505215871015567136e-08
3.505364128984433029e-08
3.505512386953298923e-08
3.505660644922164816e-08
3.505808902891030709e-08
3.505957160859896602e-08
3.506105418828761833e-08
3.506253676797627726e-08
3.506401934766493619e-08
3.506550192735359513e-08
3.506698450704225406e-08
3.506846708673091299e-08
3.506994966641957192e-08
3.507143224610823085e-08
3.507291482579688978e-08
3.507439740548554871e-08
3.507587998517420103e-08
3.507736256486285996e-08
3.507884514455151889e-08
3.508032772424017782e-08
3.508181030392883675e-08
3.508329288361749568e-08
3.508477546330615461e-08
3.508625804299481354e-08
3.508774062268347247e-08
3.508922320237213141e-08
3.509070578206078372e-08
3.509218836174944265e-08
3.509367094143810158e-08
3.509515352112676051e-08
3.509663610081541944e-08
3.509811868050407837e-08
3.509960126019273731e-08
3.510108383988139624e-08
3.510256641957005517e-08
3.510404899925871410e-08
3.510553157894736641e-08
3.510701415863602534e-08
3.510849673832468427e-08
3.510997931801334321e-08
3.511146189770200214e-08
3.511294447739066107e-08
3.511442705707932000e-08
3.511590963676797893e-08
3.511739221645663786e-08
3.511887479614529017e-08
3.512035737583394911e-08
3.512183995552260804e-08
3.512332253521126697e-08
3.512480511489992590e-08
3.512628769458858483e-08
3.512777027427724376e-08
3.512925285396590269e-08
3.513073543365456162e-08
3.513221801334322055e-08
3.513370059303187949e-08
3.513518317272053180e-08
3.513666575240919073e-08
3.513814833209784966e-08
3.513963091178650859e-08
3.514111349147516752e-08
3.514259607116382645e-08
3.514407865085248539e-08
3.514556123054114432e-08
3.514704381022980325e-08
3.514852638991845556e-08
3.515000896960711449e-08
3.515149154929577342e-08
3.515297412898443235e-08
3.515445670867309129e-08
3.515593928836175022e-08
3.515742186805040915e-08
3.515890444773906808e-08
3.516038702742772701e-08
3.516186960711638594e-08
3.516335218680503825e-08
3.516483476649369719e-08
3.516631734618235612e-08
3.516779992587101505e-08
3.516928250555967398e-08
3.517076508524833291e-08
3.517224766493699184e-08
3.517373024462565077e-08
3.517521282431430970e-08
3.517669540400296863e-08
3.517817798369162095e-08
3.517966056338027988e-08
3.518114314306893881e-08
3.518262572275759774e-08
3.518410830244625667e-08
3.518559088213491560e-08
3.518707346182357453e-08
3.518855604151223347e-08
3.519003862120089240e-08
3.519152120088955133e-08
3.519300378057820364e-08
3.519448636026686257e-08
3.519596893995552150e-08
3.519745151964418043e-08
3.519893409933283937e-08
3.520041667902149830e-08
3.520189925871015723e-08
3.520338183839881616e-08
3.520486441808747509e-08
3.520634699777613402e-08
3.520782957746478633e-08
3.520931215715344527e-08
3.521079473684210420e-08
3.521227731653076313e-08
3.521375989621942206e-08
3.521524247590808099e-08
3.521672505559673992e-08
3.521820763528539885e-08
3.521969021497405778e-08
3.522117279466271671e-08
3.522265537435136903e-08
3.522413795404002796e-08
3.522562053372868689e-08
3.522710311341734582e-08
3.522858569310600475e-08
3.523006827279466368e-08
3.523155085248332261e-08
3.523303343217198155e-08
3.523451601186064048e-08
3.523599859154929941e-08
3.523748117123795172e-08
3.523896375092661065e-08
3.524044633061526958e-08
3.524192891030392851e-08
3.524341148999258745e-08
3.524489406968124638e-08
3.524637664936990531e-08
3.524785922905856424e-08
3.524934180874722317e-08
3.525082438843588210e-08
3.525230696812453442e-08
3.525378954781319335e-08
3.525527212750185228e-08
3.525675470719051121e-08
3.525823728687917014e-08
3.525971986656782907e-08
3.526120244625648800e-08
3.526268502594514693e-08
3.526416760563380586e-08
3.526565018532246479e-08
3.526713276501111711e-08
3.526861534469977604e-08
3.527009792438843497e-08
3.527158050407709390e-08
3.527306308376575283e-08
3.527454566345441176e-08
3.527602824314307069e-08
3.527751082283172963e-08
3.527899340252038856e-08
3.528047598220904087e-08
3.528195856189769980e-08
3.528344114158635873e-08
3.528492372127501766e-08
3.528640630096367660e-08
3.528788888065233553e-08
3.528937146034099446e-08
3.529085404002965339e-08
3.529233661971831232e-08
3.529381919940697125e-08
3.529530177909563018e-08
3.529678435878428250e-08
3.529826693847294143e-08
3.529974951816160036e-08
3.530123209785025929e-08
3.530271467753891822e-08
3.530419725722757715e-08
3.530567983691623608e-08
3.530716241660489501e-08
3.530864499629355394e-08
3.531012757598220626e-08
3.531161015567086519e-08
3.531309273535952412e-08
3.531457531504818305e-08
3.531605789473684198e-08
3.531754047442550091e-08
3.531902305411415984e-08
3.532050563380281878e-08
3.532198821349147771e-08
3.532347079318013664e-08
3.532495337286879557e-08
3.532643595255744788e-08
3.532791853224610681e-08
3.532940111193476574e-08
3.533088369162342468e-08
3.533236627131208361e-08
3.533384885100074254e-08
3.533533143068940147e-08
3.533681401037806040e-08
3.533829659006671933e-08
3.533977916975537164e-08
3.534126174944403058e-08
3.534274432913268951e-08
3.534422690882134844e-08
3.534570948851000737e-08
3.534719206819866630e-08
3.534867464788732523e-08
3.535015722757598416e-08
3.535163980726464309e-08
3.535312238695330202e-08
3.535460496664195434e-08
3.535608754633061327e-08
3.535757012601927220e-08
3.535905270570793113e-08
3.536053528539659006e-08
3.536201786508524899e-08
3.536350044477390792e-08
3.536498302446256686e-08
3.536646560415122579e-08
3.536794818383988472e-08
3.536943076352853703e-08
3.537091334321719596e-08
3.537239592290585489e-08
3.537387850259451382e-08
3.537536108228317276e-08
3.537684366197183169e-08
3.537832624166049062e-08
3.537980882134914955e-08
3.538129140103780848e-08
3.538277398072646741e-08
3.538425656041511972e-08
3.538573914010377866e-08
3.538722171979243759e-08
3.538870429948109652e-08
3.539018687916975545e-08
3.539166945885841438e-08
3.539315203854707331e-08
3.539463461823573224e-08
3.539611719792439117e-08
3.539759977761305010e-08
3.539908235730170242e-08
3.540056493699036135e-08
3.540204751667902028e-08
3.540353009636767921e-08
3.540501267605633814e-08
3.540649525574499707e-08
3.540797783543365600e-08
3.540946041512231494e-08
3.541094299481097387e-08
3.541242557449963280e-08
3.541390815418828511e-08
3.541539073387694404e-08
3.541687331356560297e-08
3.541835589325426190e-08
3.541983847294292084e-08
3.542132105263157977e-08
3.542280363232023870e-08
3.542428621200889763e-08
3.542576879169755656e-08
3.542725137138621549e-08
3.542873395107486780e-08
3.543021653076352674e-08
3.543169911045218567e-08
3.543318169014084460e-08
3.543466426982950353e-08
3.543614684951816246e-08
3.543762942920682139e-08
3.543911200889548032e-08
3.544059458858413925e-08
3.544207716827279818e-08
3.544355974796145050e-08
3.544504232765010943e-08
3.544652490733876836e-08
3.544800748702742729e-08
3.544949006671608622e-08
3.545097264640474515e-08
3.545245522609340408e-08
3.545393780578206302e-08
3.545542038547072195e-08
3.545690296515938088e-08
3.545838554484803319e-08
3.545986812453669212e-08
3.546135070422535105e-08
3.546283328391400998e-08
3.546431586360266892e-08
3.546579844329132785e-08
3.546728102297998678e-08
3.546876360266864571e-08
3.547024618235730464e-08
3.547172876204595695e-08
3.547321134173461588e-08
3.547469392142327482e-08
3.547617650111193375e-08
3.547765908080059268e-08
3.547914166048925161e-08
3.548062424017791054e-08
3.548210681986656947e-08
3.548358939955522840e-08
3.548507197924388733e-08
3.548655455893254626e-08
3.548803713862119858e-08
3.548951971830985751e-08
3.549100229799851644e-08
3.549248487768717537e-08
3.549396745737583430e-08
3.549545003706449323e-08
3.549693261675315216e-08
3.549841519644181110e-08
3.549989777613047003e-08
3.550138035581912234e-08
3.550286293550778127e-08
3.550434551519644020e-08
3.550582809488509913e-08
3.550731067457375806e-08
3.550879325426241700e-08
3.551027583395107593e-08
3.551175841363973486e-08
3.551324099332839379e-08
3.551472357301705272e-08
3.551620615270570503e-08
3.551768873239436396e-08
3.551917131208302290e-08
3.552065389177168183e-08
3.552213647146034076e-08
3.552361905114899969e-08
3.552510163083765862e-08
3.552658421052631755e-08
3.552806679021497648e-08
3.552954936990363541e-08
3.553103194959228773e-08
3.553251452928094666e-08
3.553399710896960559e-08
3.553547968865826452e-08
3.553696226834692345e-08
3.553844484803558238e-08
3.553992742772424131e-08
3.554141000741290024e-08
3.554289258710155918e-08
3.554437516679021811e-08
3.554585774647887042e-08
3.554734032616752935e-08
3.554882290585618828e-08
3.555030548554484721e-08
3.555178806523350614e-08
3.555327064492216508e-08
3.555475322461082401e-08
3.555623580429948294e-08
3.555771838398814187e-08
3.555920096367680080e-08
3.556068354336545311e-08
3.556216612305411204e-08
3.556364870274277098e-08
3.556513128243142991e-08
3.556661386212008884e-08
3.556809644180874777e-08
3.556957902149740670e-08
3.557106160118606563e-08
3.557254418087472456e-08
3.557402676056338349e-08
3.557550934025203581e-08
3.557699191994069474e-08
3.557847449962935367e-08
3.557995707931801260e-08
3.558143965900667153e-08
3.558292223869533046e-08
3.558440481838398939e-08
3.558588739807264832e-08
3.558736997776130726e-08
3.558885255744996619e-08
3.559033513713861850e-08
3.559181771682727743e-08
3.559330029651593636e-08
3.559478287620459529e-08
3.559626545589325422e-08
3.559774803558191316e-08
3.559923061527057209e-08
3.560071319495923102e-08
3.560219577464788995e-08
3.560367835433654888e-08
3.560516093402520119e-08
3.560664351371386012e-08
3.560812609340251906e-08
3.560960867309117799e-08
3.561109125277983692e-08
3.561257383246849585e-08
3.561405641215715478e-08
3.561553899184581371e-08
3.561702157153447264e-08
3.561850415122313157e-08
3.561998673091178389e-08
3.562146931060044282e-08
3.562295189028910175e-08
3.562443446997776068e-08
3.562591704966641961e-08
3.562739962935507854e-08
3.562888220904373747e-08
3.563036478873239640e-08
3.563184736842105534e-08
3.563332994810970765e-08
3.563481252779836658e-08
3.563629510748702551e-08
3.563777768717568444e-08
3.563926026686434337e-08
3.564074284655300230e-08
3.564222542624166124e-08
3.564370800593032017e-08
3.564519058561897910e-08
3.564667316530763803e-08
3.564815574499629696e-08
3.564963832468494927e-08
3.565112090437360820e-08
3.565260348406226714e-08
3.565408606375092607e-08
3.565556864343958500e-08
3.565705122312824393e-08
3.565853380281690286e-08
3.566001638250556179e-08
3.566149896219422072e-08
3.566298154188287304e-08
3.566446412157153197e-08
3.566594670126019090e-08
3.566742928094884983e-08
3.566891186063750876e-08
3.567039444032616769e-08
3.567187702001482662e-08
3.567335959970348555e-08
3.567484217939214448e-08
3.567632475908080342e-08
3.567780733876946235e-08
3.567928991845811466e-08
3.568077249814677359e-08
3.568225507783543252e-08
3.568373765752409145e-08
3.568522023721275038e-08
3.568670281690140932e-08
3.568818539659006825e-08
3.568966797627872718e-08
3.569115055596738611e-08
3.569263313565603842e-08
3.569411571534469735e-08
3.569559829503335629e-08
3.569708087472201522e-08
3.569856345441067415e-08
3.570004603409933308e-08
3.570152861378799201e-08
3.570301119347665094e-08
3.570449377316530987e-08
3.570597635285396880e-08
3.570745893254262112e-08
3.570894151223128005e-08
3.571042409191993898e-08
3.571190667160859791e-08
3.571338925129725684e-08
3.571487183098591577e-08
3.571635441067457470e-08
3.571783699036323363e-08
3.571931957005189256e-08
3.572080214974055150e-08
3.572228472942920381e-08
3.572376730911786274e-08
3.572524988880652167e-08
3.572673246849518060e-08
3.572821504818383953e-08
3.572969762787249847e-08
3.573118020756115740e-08
3.573266278724981633e-08
3.573414536693847526e-08
3.573562794662713419e-08
3.573711052631578650e-08
3.573859310600444543e-08
3.574007568569310437e-08
3.574155826538176330e-08
3.574304084507042223e-08
3.574452342475908116e-08
3.574600600444774009e-08
3.574748858413639902e-08
3.574897116382505795e-08
3.575045374351371688e-08
3.575193632320236920e-08
3.575341890289102813e-08
3.575490148257968706e-08
3.575638406226834599e-08
3.575786664195700492e-08
3.575934922164566385e-08
3.576083180133432278e-08
3.576231438102298171e-08
3.576379696071164065e-08
3.576527954040029958e-08
3.576676212008895189e-08
3.576824469977761082e-08
3.576972727946626975e-08
3.577120985915492868e-08
3.577269243884358761e-08
3.577417501853224655e-08
3.577565759822090548e-08
3.577714017790956441e-08
3.577862275759822334e-08
3.578010533728688227e-08
3.578158791697553458e-08
3.578307049666419351e-08
3.578455307635285245e-08
3.578603565604151138e-08
3.578751823573017031e-08
3.578900081541882924e-08
3.579048339510748817e-08
3.579196597479614710e-08
3.579344855448480603e-08
3.579493113417346496e-08
3.579641371386211728e-08
3.579789629355077621e-08
3.579937887323943514e-08
3.580086145292809407e-08
3.580234403261675300e-08
3.580382661230541193e-08
3.580530919199407086e-08
3.580679177168272979e-08
3.580827435137138873e-08
3.580975693106004766e-08
3.581123951074869997e-08
3.581272209043735890e-08
3.581420467012601783e-08
3.581568724981467676e-08
3.581716982950333569e-08
3.581865240919199463e-08
3.582013498888065356e-08
3.582161756856931249e-08
3.582310014825797142e-08
3.582458272794662373e-08
3.582606530763528266e-08
3.582754788732394159e-08
3.582903046701260053e-08
3.583051304670125946e-08
3.583199562638991839e-08
3.583347820607857732e-08
3.583496078576723625e-08
3.583644336545589518e-08
3.583792594514455411e-08
3.583940852483321304e-08
3.584089110452186536e-08
3.584237368421052429e-08
3.584385626389918322e-08
3.584533884358784215e-08
3.584682142327650108e-08
3.584830400296516001e-08
3.584978658265381894e-08
3.585126916234247787e-08
3.585275174203113681e-08
3.585423432171978912e-08
3.585571690140844805e-08
3.585719948109710698e-08
3.585868206078576591e-08
3.586016464047442484e-08
3.586164722016308377e-08
3.586312979985174271e-08
3.586461237954040164e-08
3.586609495922906057e-08
3.586757753891771950e-08
3.586906011860637181e-08
3.587054269829503074e-08
3.587202527798368967e-08
3.587350785767234861e-08
3.587499043736100754e-08
3.587647301704966647e-08
3.587795559673832540e-08
3.587943817642698433e-08
3.588092075611564326e-08
3.588240333580430219e-08
3.588388591549295451e-08
3.588536849518161344e-08
3.588685107487027237e-08
3.588833365455893130e-08
3.588981623424759023e-08
3.589129881393624916e-08
3.589278139362490809e-08
3.589426397331356702e-08
3.589574655300222595e-08
3.589722913269088489e-08
3.589871171237953720e-08
3.590019429206819613e-08
3.590167687175685506e-08
3.590315945144551399e-08
3.590464203113417292e-08
3.590612461082283185e-08
3.590760719051149079e-08
3.590908977020014972e-08
3.591057234988880865e-08
3.591205492957746758e-08
3.591353750926611989e-08
3.591502008895477882e-08
3.591650266864343775e-08
3.591798524833209669e-08
3.591946782802075562e-08
3.592095040770941455e-08
3.592243298739807348e-08
3.592391556708673241e-08
3.592539814677539134e-08
3.592688072646405027e-08
3.592836330615270259e-08
3.592984588584136152e-08
3.593132846553002045e-08
3.593281104521867938e-08
3.593429362490733831e-08
3.593577620459599724e-08
3.593725878428465617e-08
3.593874136397331510e-08
3.594022394366197403e-08
3.594170652335063297e-08
3.594318910303928528e-08
3.594467168272794421e-08
3.594615426241660314e-08
3.594763684210526207e-08
3.594911942179392100e-08
3.595060200148257993e-08
3.595208458117123887e-08
3.595356716085989780e-08
3.595504974054855673e-08
3.595653232023721566e-08
3.595801489992586797e-08
3.595949747961452690e-08
3.596098005930318583e-08
3.596246263899184477e-08
3.596394521868050370e-08
3.596542779836916263e-08
3.596691037805782156e-08
3.596839295774648049e-08
3.596987553743513942e-08
3.597135811712379835e-08
3.597284069681245067e-08
3.597432327650110960e-08
3.597580585618976853e-08
3.597728843587842746e-08
3.597877101556708639e-08
3.598025359525574532e-08
3.598173617494440425e-08
3.598321875463306318e-08
3.598470133432172211e-08
3.598618391401037443e-08
3.598766649369903336e-08
3.598914907338769229e-08
3.599063165307635122e-08
3.599211423276501015e-08
3.599359681245366908e-08
3.599507939214232801e-08
3.599656197183098695e-08
3.599804455151964588e-08
3.599952713120830481e-08
3.600100971089696374e-08
3.600249229058561605e-08
3.600397487027427498e-08
3.600545744996293391e-08
3.600694002965159285e-08
3.600842260934025178e-08
3.600990518902891071e-08
3.601138776871756964e-08
3.601287034840622857e-08
3.601435292809488750e-08
3.601583550778353981e-08
3.601731808747219875e-08
3.601880066716085768e-08
3.602028324684951661e-08
3.602176582653817554e-08
3.602324840622683447e-08
3.602473098591549340e-08
3.602621356560415233e-08
3.602769614529281126e-08
3.602917872498147019e-08
3.603066130467012913e-08
3.603214388435878144e-08
3.603362646404744037e-08
3.603510904373609930e-08
3.603659162342475823e-08
3.603807420311341716e-08
3.603955678280207609e-08
3.604103936249073503e-08
3.604252194217939396e-08
3.604400452186805289e-08
3.604548710155670520e-08
3.604696968124536413e-08
3.604845226093402306e-08
3.604993484062268199e-08
3.605141742031134093e-08
3.605289999999999986e-08
