3.388680000000000007e-08
3.388828257968865900e-08
3.388976515937731793e-08
3.389124773906597686e-08
3.389273031875463579e-08
3.389421289844328811e-08
3.389569547813194704e-08
3.389717805782060597e-08
3.389866063750926490e-08
3.390014321719792383e-08
3.390162579688658276e-08
3.390310837657524169e-08
3.390459095626390062e-08
3.390607353595255955e-08
3.390755611564121849e-08
3.390903869532987080e-08
3.391052127501852973e-08
3.391200385470718866e-08
3.391348643439584759e-08
3.391496901408450652e-08
3.391645159377316546e-08
3.391793417346182439e-08
3.391941675315048332e-08
3.392089933283914225e-08
3.392238191252780118e-08
3.392386449221645349e-08
3.392534707190511242e-08
3.392682965159377136e-08
3.392831223128243029e-08
3.392979481097108922e-08
3.393127739065974815e-08
3.393275997034840708e-08
3.393424255003706601e-08
3.393572512972572494e-08
3.393720770941438387e-08
3.393869028910303619e-08
3.394017286879169512e-08
3.394165544848035405e-08
3.394313802816901298e-08
3.394462060785767191e-08
3.394610318754633084e-08
3.394758576723498977e-08
3.394906834692364870e-08
3.395055092661230764e-08
3.395203350630096657e-08
3.395351608598961888e-08
3.395499866567827781e-08
3.395648124536693674e-08
3.395796382505559567e-08
3.395944640474425460e-08
3.396092898443291354e-08
3.396241156412157247e-08
3.396389414381023140e-08
3.396537672349889033e-08
3.396685930318754926e-08
3.396834188287620157e-08
3.396982446256486050e-08
3.397130704225351944e-08
3.397278962194217837e-08
3.397427220163083730e-08
3.397575478131949623e-08
3.397723736100815516e-08
3.397871994069681409e-08
3.398020252038547302e-08
3.398168510007413195e-08
3.398316767976278427e-08
3.398465025945144320e-08
3.398613283914010213e-08
3.398761541882876106e-08
3.398909799851741999e-08
3.399058057820607892e-08
3.399206315789473785e-08
3.399354573758339678e-08
3.399502831727205572e-08
3.399651089696071465e-08
3.399799347664936696e-08
3.399947605633802589e-08
3.400095863602668482e-08
3.400244121571534375e-08
3.400392379540400268e-08
3.400540637509266162e-08
3.400688895478132055e-08
3.400837153446997948e-08
3.400985411415863841e-08
3.401133669384729734e-08
3.401281927353594965e-08
3.401430185322460858e-08
3.401578443291326752e-08
3.401726701260192645e-08
3.401874959229058538e-08
3.402023217197924431e-08
3.402171475166790324e-08
3.402319733135656217e-08
3.402467991104522110e-08
3.402616249073388003e-08
3.402764507042253235e-08
3.402912765011119128e-08
3.403061022979985021e-08
3.403209280948850914e-08
3.403357538917716807e-08
3.403505796886582700e-08
3.403654054855448593e-08
3.403802312824314486e-08
3.403950570793180380e-08
3.404098828762046273e-08
3.404247086730911504e-08
3.404395344699777397e-08
3.404543602668643290e-08
3.404691860637509183e-08
3.404840118606375076e-08
3.404988376575240970e-08
3.405136634544106863e-08
3.405284892512972756e-08
3.405433150481838649e-08
3.405581408450704542e-08
3.405729666419569773e-08
3.405877924388435666e-08
3.406026182357301560e-08
3.406174440326167453e-08
3.406322698295033346e-08
3.406470956263899239e-08
3.406619214232765132e-08
3.406767472201631025e-08
3.406915730170496918e-08
3.407063988139362150e-08
3.407212246108228043e-08
3.407360504077093936e-08
3.407508762045959829e-08
3.407657020014825722e-08
3.407805277983691615e-08
3.407953535952557508e-08
3.408101793921423401e-08
3.408250051890289294e-08
3.408398309859155188e-08
3.408546567828020419e-08
3.408694825796886312e-08
3.408843083765752205e-08
3.408991341734618098e-08
3.409139599703483991e-08
3.409287857672349884e-08
3.409436115641215778e-08
3.409584373610081671e-08
3.409732631578947564e-08
3.409880889547813457e-08
3.410029147516678688e-08
3.410177405485544581e-08
3.410325663454410474e-08
3.410473921423276368e-08
3.410622179392142261e-08
3.410770437361008154e-08
3.410918695329874047e-08
3.411066953298739940e-08
3.411215211267605833e-08
3.411363469236471726e-08
3.411511727205336958e-08
3.411659985174202851e-08
3.411808243143068744e-08
3.411956501111934637e-08
3.412104759080800530e-08
3.412253017049666423e-08
3.412401275018532316e-08
3.412549532987398209e-08
3.412697790956264102e-08
3.412846048925129996e-08
3.412994306893995227e-08
3.413142564862861120e-08
3.413290822831727013e-08
3.413439080800592906e-08
3.413587338769458799e-08
3.413735596738324692e-08
3.413883854707190586e-08
3.414032112676056479e-08
3.414180370644922372e-08
3.414328628613788265e-08
3.414476886582653496e-08
3.414625144551519389e-08
3.414773402520385282e-08
3.414921660489251176e-08
3.415069918458117069e-08
3.415218176426982962e-08
3.415366434395848855e-08
3.415514692364714748e-08
3.415662950333580641e-08
3.415811208302446534e-08
3.415959466271311766e-08
3.416107724240177659e-08
3.416255982209043552e-08
3.416404240177909445e-08
3.416552498146775338e-08
3.416700756115641231e-08
3.416849014084507124e-08
3.416997272053373017e-08
3.417145530022238910e-08
3.417293787991104804e-08
3.417442045959970035e-08
3.417590303928835928e-08
3.417738561897701821e-08
3.417886819866567714e-08
3.418035077835433607e-08
3.418183335804299500e-08
3.418331593773165394e-08
3.418479851742031287e-08
3.418628109710897180e-08
3.418776367679763073e-08
3.418924625648628304e-08
3.419072883617494197e-08
3.419221141586360090e-08
3.419369399555225984e-08
3.419517657524091877e-08
3.419665915492957770e-08
3.419814173461823663e-08
3.419962431430689556e-08
3.420110689399555449e-08
3.420258947368421342e-08
3.420407205337286574e-08
3.420555463306152467e-08
3.420703721275018360e-08
3.420851979243884253e-08
3.421000237212750146e-08
3.421148495181616039e-08
3.421296753150481932e-08
3.421445011119347825e-08
3.421593269088213718e-08
3.421741527057079612e-08
3.421889785025944843e-08
3.422038042994810736e-08
3.422186300963676629e-08
3.422334558932542522e-08
3.422482816901408415e-08
3.422631074870274308e-08
3.422779332839140202e-08
3.422927590808006095e-08
3.423075848776871988e-08
3.423224106745737881e-08
3.423372364714603112e-08
3.423520622683469005e-08
3.423668880652334898e-08
3.423817138621200792e-08
3.423965396590066685e-08
3.424113654558932578e-08
3.424261912527798471e-08
3.424410170496664364e-08
3.424558428465530257e-08
3.424706686434396150e-08
3.424854944403261382e-08
3.425003202372127275e-08
3.425151460340993168e-08
3.425299718309859061e-08
3.425447976278724954e-08
3.425596234247590847e-08
3.425744492216456740e-08
3.425892750185322633e-08
3.426041008154188526e-08
3.426189266123053758e-08
3.426337524091919651e-08
3.426485782060785544e-08
3.426634040029651437e-08
3.426782297998517330e-08
3.426930555967383223e-08
3.427078813936249116e-08
3.427227071905115010e-08
3.427375329873980903e-08
3.427523587842846796e-08
3.427671845811712027e-08
3.427820103780577920e-08
3.427968361749443813e-08
3.428116619718309706e-08
3.428264877687175600e-08
3.428413135656041493e-08
3.428561393624907386e-08
3.428709651593773279e-08
3.428857909562639172e-08
3.429006167531505065e-08
3.429154425500370297e-08
3.429302683469236190e-08
3.429450941438102083e-08
3.429599199406967976e-08
3.429747457375833869e-08
3.429895715344699762e-08
3.430043973313565655e-08
3.430192231282431548e-08
3.430340489251297441e-08
3.430488747220163334e-08
3.430637005189028566e-08
3.430785263157894459e-08
3.430933521126760352e-08
3.431081779095626245e-08
3.431230037064492138e-08
3.431378295033358031e-08
3.431526553002223924e-08
3.431674810971089818e-08
3.431823068939955711e-08
3.431971326908821604e-08
3.432119584877686835e-08
3.432267842846552728e-08
3.432416100815418621e-08
3.432564358784284515e-08
3.432712616753150408e-08
3.432860874722016301e-08
3.433009132690882194e-08
3.433157390659748087e-08
3.433305648628613980e-08
3.433453906597479873e-08
3.433602164566345105e-08
3.433750422535210998e-08
3.433898680504076891e-08
3.434046938472942784e-08
3.434195196441808677e-08
3.434343454410674570e-08
3.434491712379540463e-08
3.434639970348406356e-08
3.434788228317272249e-08
3.434936486286138142e-08
3.435084744255003374e-08
3.435233002223869267e-08
3.435381260192735160e-08
3.435529518161601053e-08
3.435677776130466946e-08
3.435826034099332839e-08
3.435974292068198733e-08
3.436122550037064626e-08
3.436270808005930519e-08
3.436419065974796412e-08
3.436567323943661643e-08
3.436715581912527536e-08
3.436863839881393429e-08
3.437012097850259323e-08
3.437160355819125216e-08
3.437308613787991109e-08
3.437456871756857002e-08
3.437605129725722895e-08
3.437753387694588788e-08
3.437901645663454681e-08
3.438049903632319913e-08
3.438198161601185806e-08
3.438346419570051699e-08
3.438494677538917592e-08
3.438642935507783485e-08
3.438791193476649378e-08
3.438939451445515271e-08
3.439087709414381164e-08
3.439235967383247057e-08
3.439384225352112951e-08
3.439532483320978182e-08
3.439680741289844075e-08
3.439828999258709968e-08
3.439977257227575861e-08
3.440125515196441754e-08
3.440273773165307647e-08
3.440422031134173541e-08
3.440570289103039434e-08
3.440718547071905327e-08
3.440866805040771220e-08
3.441015063009636451e-08
3.441163320978502344e-08
3.441311578947368237e-08
3.441459836916234131e-08
3.441608094885100024e-08
3.441756352853965917e-08
3.441904610822831810e-08
3.442052868791697703e-08
3.442201126760563596e-08
3.442349384729428827e-08
3.442497642698294721e-08
3.442645900667160614e-08
3.442794158636026507e-08
3.442942416604892400e-08
3.443090674573758293e-08
3.443238932542624186e-08
3.443387190511490079e-08
3.443535448480355972e-08
3.443683706449221865e-08
3.443831964418087097e-08
3.443980222386952990e-08
3.444128480355818883e-08
3.444276738324684776e-08
3.444424996293550669e-08
3.444573254262416562e-08
3.444721512231282455e-08
3.444869770200148349e-08
3.445018028169014242e-08
3.445166286137880135e-08
3.445314544106745366e-08
3.445462802075611259e-08
3.445611060044477152e-08
3.445759318013343045e-08
3.445907575982208939e-08
3.446055833951074832e-08
3.446204091919940725e-08
3.446352349888806618e-08
3.446500607857672511e-08
3.446648865826538404e-08
3.446797123795403635e-08
3.446945381764269529e-08
3.447093639733135422e-08
3.447241897702001315e-08
3.447390155670867208e-08
3.447538413639733101e-08
3.447686671608598994e-08
3.447834929577464887e-08
3.447983187546330780e-08
3.448131445515196673e-08
3.448279703484061905e-08
3.448427961452927798e-08
3.448576219421793691e-08
3.448724477390659584e-08
3.448872735359525477e-08
3.449020993328391370e-08
3.449169251297257263e-08
3.449317509266123157e-08
3.449465767234989050e-08
3.449614025203854943e-08
3.449762283172720174e-08
3.449910541141586067e-08
3.450058799110451960e-08
3.450207057079317853e-08
3.450355315048183747e-08
3.450503573017049640e-08
3.450651830985915533e-08
3.450800088954781426e-08
3.450948346923647319e-08
3.451096604892513212e-08
3.451244862861378443e-08
3.451393120830244337e-08
3.451541378799110230e-08
3.451689636767976123e-08
3.451837894736842016e-08
3.451986152705707909e-08
3.452134410674573802e-08
3.452282668643439695e-08
3.452430926612305588e-08
3.452579184581171481e-08
3.452727442550036713e-08
3.452875700518902606e-08
3.453023958487768499e-08
3.453172216456634392e-08
3.453320474425500285e-08
3.453468732394366178e-08
3.453616990363232071e-08
3.453765248332097965e-08
3.453913506300963858e-08
3.454061764269829751e-08
3.454210022238694982e-08
3.454358280207560875e-08
3.454506538176426768e-08
3.454654796145292661e-08
3.454803054114158555e-08
3.454951312083024448e-08
3.455099570051890341e-08
3.455247828020756234e-08
3.455396085989622127e-08
3.455544343958488020e-08
3.455692601927353251e-08
3.455840859896219145e-08
3.455989117865085038e-08
3.456137375833950931e-08
3.456285633802816824e-08
3.456433891771682717e-08
3.456582149740548610e-08
3.456730407709414503e-08
3.456878665678280396e-08
3.457026923647146289e-08
3.457175181616011521e-08
3.457323439584877414e-08
3.457471697553743307e-08
3.457619955522609200e-08
3.457768213491475093e-08
3.457916471460340986e-08
3.458064729429206879e-08
3.458212987398072773e-08
3.458361245366938666e-08
3.458509503335804559e-08
3.458657761304669790e-08
3.458806019273535683e-08
3.458954277242401576e-08
3.459102535211267469e-08
3.459250793180133363e-08
3.459399051148999256e-08
3.459547309117865149e-08
3.459695567086731042e-08
3.459843825055596935e-08
3.459992083024462828e-08
3.460140340993328059e-08
3.460288598962193953e-08
3.460436856931059846e-08
3.460585114899925739e-08
3.460733372868791632e-08
3.460881630837657525e-08
3.461029888806523418e-08
3.461178146775389311e-08
3.461326404744255204e-08
3.461474662713120436e-08
3.461622920681986329e-08
3.461771178650852222e-08
3.461919436619718115e-08
3.462067694588584008e-08
3.462215952557449901e-08
3.462364210526315794e-08
3.462512468495181687e-08
3.462660726464047581e-08
3.462808984432913474e-08
3.462957242401778705e-08
3.463105500370644598e-08
3.463253758339510491e-08
3.463402016308376384e-08
3.463550274277242277e-08
3.463698532246108171e-08
3.463846790214974064e-08
3.463995048183839957e-08
3.464143306152705850e-08
3.464291564121571743e-08
3.464439822090436974e-08
3.464588080059302867e-08
3.464736338028168761e-08
3.464884595997034654e-08
3.465032853965900547e-08
3.465181111934766440e-08
3.465329369903632333e-08
3.465477627872498226e-08
3.465625885841364119e-08
3.465774143810230012e-08
3.465922401779095244e-08
3.466070659747961137e-08
3.466218917716827030e-08
3.466367175685692923e-08
3.466515433654558816e-08
3.466663691623424709e-08
3.466811949592290602e-08
3.466960207561156495e-08
3.467108465530022389e-08
3.467256723498888282e-08
3.467404981467753513e-08
3.467553239436619406e-08
3.467701497405485299e-08
3.467849755374351192e-08
3.467998013343217085e-08
3.468146271312082979e-08
3.468294529280948872e-08
3.468442787249814765e-08
3.468591045218680658e-08
3.468739303187546551e-08
3.468887561156411782e-08
3.469035819125277676e-08
3.469184077094143569e-08
3.469332335063009462e-08
3.469480593031875355e-08
3.469628851000741248e-08
3.469777108969607141e-08
3.469925366938473034e-08
3.470073624907338927e-08
3.470221882876204820e-08
3.470370140845070052e-08
3.470518398813935945e-08
3.470666656782801838e-08
3.470814914751667731e-08
3.470963172720533624e-08
3.471111430689399517e-08
3.471259688658265410e-08
3.471407946627131303e-08
3.471556204595997197e-08
3.471704462564863090e-08
3.471852720533728321e-08
3.472000978502594214e-08
3.472149236471460107e-08
3.472297494440326000e-08
3.472445752409191894e-08
3.472594010378057787e-08
3.472742268346923680e-08
3.472890526315789573e-08
3.473038784284655466e-08
3.473187042253521359e-08
3.473335300222386590e-08
3.473483558191252484e-08
3.473631816160118377e-08
3.473780074128984270e-08
3.473928332097850163e-08
3.474076590066716056e-08
3.474224848035581949e-08
3.474373106004447842e-08
3.474521363973313735e-08
3.474669621942179628e-08
3.474817879911044860e-08
3.474966137879910753e-08
3.475114395848776646e-08
3.475262653817642539e-08
3.475410911786508432e-08
3.475559169755374325e-08
3.475707427724240218e-08
3.475855685693106112e-08
3.476003943661972005e-08
3.476152201630837898e-08
3.476300459599703129e-08
3.476448717568569022e-08
3.476596975537434915e-08
3.476745233506300808e-08
3.476893491475166702e-08
3.477041749444032595e-08
3.477190007412898488e-08
3.477338265381764381e-08
3.477486523350630274e-08
3.477634781319495505e-08
3.477783039288361398e-08
3.477931297257227292e-08
3.478079555226093185e-08
3.478227813194959078e-08
3.478376071163824971e-08
3.478524329132690864e-08
3.478672587101556757e-08
3.478820845070422650e-08
3.478969103039288543e-08
3.479117361008154436e-08
3.479265618977019668e-08
3.479413876945885561e-08
3.479562134914751454e-08
3.479710392883617347e-08
3.479858650852483240e-08
3.480006908821349133e-08
3.480155166790215026e-08
3.480303424759080920e-08
3.480451682727946813e-08
3.480599940696812044e-08
3.480748198665677937e-08
3.480896456634543830e-08
3.481044714603409723e-08
3.481192972572275616e-08
3.481341230541141510e-08
3.481489488510007403e-08
3.481637746478873296e-08
3.481786004447739189e-08
3.481934262416605082e-08
3.482082520385470313e-08
3.482230778354336206e-08
3.482379036323202100e-08
3.482527294292067993e-08
3.482675552260933886e-08
3.482823810229799779e-08
3.482972068198665672e-08
3.483120326167531565e-08
3.483268584136397458e-08
3.483416842105263351e-08
3.483565100074128583e-08
3.483713358042994476e-08
3.483861616011860369e-08
3.484009873980726262e-08
3.484158131949592155e-08
3.484306389918458048e-08
3.484454647887323941e-08
3.484602905856189834e-08
3.484751163825055728e-08
3.484899421793921621e-08
3.485047679762786852e-08
3.485195937731652745e-08
3.485344195700518638e-08
3.485492453669384531e-08
3.485640711638250424e-08
3.485788969607116318e-08
3.485937227575982211e-08
3.486085485544848104e-08
3.486233743513713997e-08
3.486382001482579890e-08
3.486530259451445121e-08
3.486678517420311014e-08
3.486826775389176908e-08
3.486975033358042801e-08
3.487123291326908694e-08
3.487271549295774587e-08
3.487419807264640480e-08
3.487568065233506373e-08
3.487716323202372266e-08
3.487864581171238159e-08
3.488012839140103391e-08
3.488161097108969284e-08
3.488309355077835177e-08
3.488457613046701070e-08
3.488605871015566963e-08
3.488754128984432856e-08
3.488902386953298749e-08
3.489050644922164642e-08
3.489198902891030536e-08
3.489347160859896429e-08
3.489495418828761660e-08
3.489643676797627553e-08
3.489791934766493446e-08
3.489940192735359339e-08
3.490088450704225232e-08
3.490236708673091126e-08
3.490384966641957019e-08
3.490533224610822912e-08
3.490681482579688805e-08
3.490829740548554698e-08
3.490977998517419929e-08
3.491126256486285822e-08
3.491274514455151716e-08
3.491422772424017609e-08
3.491571030392883502e-08
3.491719288361749395e-08
3.491867546330615288e-08
3.492015804299481181e-08
3.492164062268347074e-08
3.492312320237212967e-08
3.492460578206078199e-08
3.492608836174944092e-08
3.492757094143809985e-08
3.492905352112675878e-08
3.493053610081541771e-08
3.493201868050407664e-08
3.493350126019273557e-08
3.493498383988139450e-08
3.493646641957005344e-08
3.493794899925870575e-08
3.493943157894736468e-08
3.494091415863602361e-08
3.494239673832468254e-08
3.494387931801334147e-08
3.494536189770200040e-08
3.494684447739065934e-08
3.494832705707931827e-08
3.494980963676797720e-08
3.495129221645663613e-08
3.495277479614529506e-08
3.495425737583394737e-08
3.495573995552260630e-08
3.495722253521126524e-08
3.495870511489992417e-08
3.496018769458858310e-08
3.496167027427724203e-08
3.496315285396590096e-08
3.496463543365455989e-08
3.496611801334321882e-08
3.496760059303187114e-08
3.496908317272053007e-08
3.497056575240918900e-08
3.497204833209784793e-08
3.497353091178650686e-08
3.497501349147516579e-08
3.497649607116382472e-08
3.497797865085248365e-08
3.497946123054114258e-08
3.498094381022980152e-08
3.498242638991846045e-08
3.498390896960711276e-08
3.498539154929577169e-08
3.498687412898443062e-08
3.498835670867308955e-08
3.498983928836174848e-08
3.499132186805040742e-08
3.499280444773906635e-08
3.499428702742772528e-08
3.499576960711638421e-08
3.499725218680503652e-08
3.499873476649369545e-08
3.500021734618235438e-08
3.500169992587101332e-08
3.500318250555967225e-08
3.500466508524833118e-08
3.500614766493699011e-08
3.500763024462564904e-08
3.500911282431430797e-08
3.501059540400296690e-08
3.501207798369161922e-08
3.501356056338027815e-08
3.501504314306893708e-08
3.501652572275759601e-08
3.501800830244625494e-08
3.501949088213491387e-08
3.502097346182357280e-08
3.502245604151223173e-08
3.502393862120089066e-08
3.502542120088954960e-08
3.502690378057820191e-08
3.502838636026686084e-08
3.502986893995551977e-08
3.503135151964417870e-08
3.503283409933283763e-08
3.503431667902149656e-08
3.503579925871015550e-08
3.503728183839881443e-08
3.503876441808747336e-08
3.504024699777613229e-08
3.504172957746478460e-08
3.504321215715344353e-08
3.504469473684210246e-08
3.504617731653076140e-08
3.504765989621942033e-08
3.504914247590807926e-08
3.505062505559673819e-08
3.505210763528539712e-08
3.505359021497405605e-08
3.505507279466271498e-08
3.505655537435136730e-08
3.505803795404002623e-08
3.505952053372868516e-08
3.506100311341734409e-08
3.506248569310600302e-08
3.506396827279466195e-08
3.506545085248332088e-08
3.506693343217197981e-08
3.506841601186063874e-08
3.506989859154929768e-08
3.507138117123794999e-08
3.507286375092660892e-08
3.507434633061526785e-08
3.507582891030392678e-08
3.507731148999258571e-08
3.507879406968124464e-08
3.508027664936990358e-08
3.508175922905856251e-08
3.508324180874722144e-08
3.508472438843588037e-08
3.508620696812453268e-08
3.508768954781319161e-08
3.508917212750185055e-08
3.509065470719050948e-08
3.509213728687916841e-08
3.509361986656782734e-08
3.509510244625648627e-08
3.509658502594514520e-08
3.509806760563380413e-08
3.509955018532246306e-08
3.510103276501111538e-08
3.510251534469977431e-08
3.510399792438843324e-08
3.510548050407709217e-08
3.510696308376575110e-08
3.510844566345441003e-08
3.510992824314306896e-08
3.511141082283172789e-08
3.511289340252038682e-08
3.511437598220904576e-08
3.511585856189769807e-08
3.511734114158635700e-08
3.511882372127501593e-08
3.512030630096367486e-08
3.512178888065233379e-08
3.512327146034099273e-08
3.512475404002965166e-08
3.512623661971831059e-08
3.512771919940696952e-08
3.512920177909562183e-08
3.513068435878428076e-08
3.513216693847293969e-08
3.513364951816159863e-08
3.513513209785025756e-08
3.513661467753891649e-08
3.513809725722757542e-08
3.513957983691623435e-08
3.514106241660489328e-08
3.514254499629355221e-08
3.514402757598221114e-08
3.514551015567086346e-08
3.514699273535952239e-08
3.514847531504818132e-08
3.514995789473684025e-08
3.515144047442549918e-08
3.515292305411415811e-08
3.515440563380281704e-08
3.515588821349147597e-08
3.515737079318013490e-08
3.515885337286878722e-08
3.516033595255744615e-08
3.516181853224610508e-08
3.516330111193476401e-08
3.516478369162342294e-08
3.516626627131208187e-08
3.516774885100074081e-08
3.516923143068939974e-08
3.517071401037805867e-08
3.517219659006671760e-08
3.517367916975536991e-08
3.517516174944402884e-08
3.517664432913268777e-08
3.517812690882134671e-08
3.517960948851000564e-08
3.518109206819866457e-08
3.518257464788732350e-08
3.518405722757598243e-08
3.518553980726464136e-08
3.518702238695330029e-08
3.518850496664195261e-08
3.518998754633061154e-08
3.519147012601927047e-08
3.519295270570792940e-08
3.519443528539658833e-08
3.519591786508524726e-08
3.519740044477390619e-08
3.519888302446256512e-08
3.520036560415122405e-08
3.520184818383988299e-08
3.520333076352853530e-08
3.520481334321719423e-08
3.520629592290585316e-08
3.520777850259451209e-08
3.520926108228317102e-08
3.521074366197182995e-08
3.521222624166048889e-08
3.521370882134914782e-08
3.521519140103780675e-08
3.521667398072646568e-08
3.521815656041511799e-08
3.521963914010377692e-08
3.522112171979243585e-08
3.522260429948109479e-08
3.522408687916975372e-08
3.522556945885841265e-08
3.522705203854707158e-08
3.522853461823573051e-08
3.523001719792438944e-08
3.523149977761304837e-08
3.523298235730170069e-08
3.523446493699035962e-08
3.523594751667901855e-08
3.523743009636767748e-08
3.523891267605633641e-08
3.524039525574499534e-08
3.524187783543365427e-08
3.524336041512231320e-08
3.524484299481097213e-08
3.524632557449963107e-08
3.524780815418828338e-08
3.524929073387694231e-08
3.525077331356560124e-08
3.525225589325426017e-08
3.525373847294291910e-08
3.525522105263157803e-08
3.525670363232023697e-08
3.525818621200889590e-08
3.525966879169755483e-08
3.526115137138621376e-08
3.526263395107486607e-08
3.526411653076352500e-08
3.526559911045218393e-08
3.526708169014084287e-08
3.526856426982950180e-08
3.527004684951816073e-08
3.527152942920681966e-08
3.527301200889547859e-08
3.527449458858413752e-08
3.527597716827279645e-08
3.527745974796144877e-08
3.527894232765010770e-08
3.528042490733876663e-08
3.528190748702742556e-08
3.528339006671608449e-08
3.528487264640474342e-08
3.528635522609340235e-08
3.528783780578206128e-08
3.528932038547072021e-08
3.529080296515937253e-08
3.529228554484803146e-08
3.529376812453669039e-08
3.529525070422534932e-08
3.529673328391400825e-08
3.529821586360266718e-08
3.529969844329132611e-08
3.530118102297998505e-08
3.530266360266864398e-08
3.530414618235730291e-08
3.530562876204596184e-08
3.530711134173461415e-08
3.530859392142327308e-08
3.531007650111193201e-08
3.531155908080059095e-08
3.531304166048924988e-08
3.531452424017790881e-08
3.531600681986656774e-08
3.531748939955522667e-08
3.531897197924388560e-08
3.532045455893253791e-08
3.532193713862119685e-08
3.532341971830985578e-08
3.532490229799851471e-08
3.532638487768717364e-08
3.532786745737583257e-08
3.532935003706449150e-08
3.533083261675315043e-08
3.533231519644180936e-08
3.533379777613046829e-08
3.533528035581912723e-08
3.533676293550777954e-08
3.533824551519643847e-08
3.533972809488509740e-08
3.534121067457375633e-08
3.534269325426241526e-08
3.534417583395107419e-08
3.534565841363973313e-08
3.534714099332839206e-08
3.534862357301705099e-08
3.535010615270570330e-08
3.535158873239436223e-08
3.535307131208302116e-08
3.535455389177168009e-08
3.535603647146033903e-08
3.535751905114899796e-08
3.535900163083765689e-08
3.536048421052631582e-08
3.536196679021497475e-08
3.536344936990363368e-08
3.536493194959228599e-08
3.536641452928094493e-08
3.536789710896960386e-08
3.536937968865826279e-08
3.537086226834692172e-08
3.537234484803558065e-08
3.537382742772423958e-08
3.537531000741289851e-08
3.537679258710155744e-08
3.537827516679021637e-08
3.537975774647886869e-08
3.538124032616752762e-08
3.538272290585618655e-08
3.538420548554484548e-08
3.538568806523350441e-08
3.538717064492216334e-08
3.538865322461082227e-08
3.539013580429948121e-08
3.539161838398814014e-08
3.539310096367679907e-08
3.539458354336545138e-08
3.539606612305411031e-08
3.539754870274276924e-08
3.539903128243142817e-08
3.540051386212008711e-08
3.540199644180874604e-08
3.540347902149740497e-08
3.540496160118606390e-08
3.540644418087472283e-08
3.540792676056338176e-08
3.540940934025203407e-08
3.541089191994069301e-08
3.541237449962935194e-08
3.541385707931801087e-08
3.541533965900666980e-08
3.541682223869532873e-08
3.541830481838398766e-08
3.541978739807264659e-08
3.542126997776130552e-08
3.542275255744996445e-08
3.542423513713861677e-08
3.542571771682727570e-08
3.542720029651593463e-08
3.542868287620459356e-08
3.543016545589325249e-08
3.543164803558191142e-08
3.543313061527057035e-08
3.543461319495922929e-08
3.543609577464788822e-08
3.543757835433654715e-08
3.543906093402519946e-08
3.544054351371385839e-08
3.544202609340251732e-08
3.544350867309117625e-08
3.544499125277983519e-08
3.544647383246849412e-08
3.544795641215715305e-08
3.544943899184581198e-08
3.545092157153447091e-08
3.545240415122312984e-08
3.545388673091178215e-08
3.545536931060044109e-08
3.545685189028910002e-08
3.545833446997775895e-08
3.545981704966641788e-08
3.546129962935507681e-08
3.546278220904373574e-08
3.546426478873239467e-08
3.546574736842105360e-08
3.546722994810971253e-08
3.546871252779836485e-08
3.547019510748702378e-08
3.547167768717568271e-08
3.547316026686434164e-08
3.547464284655300057e-08
3.547612542624165950e-08
3.547760800593031843e-08
3.547909058561897737e-08
3.548057316530763630e-08
3.548205574499628861e-08
3.548353832468494754e-08
3.548502090437360647e-08
3.548650348406226540e-08
3.548798606375092433e-08
3.548946864343958327e-08
3.549095122312824220e-08
3.549243380281690113e-08
3.549391638250556006e-08
3.549539896219421899e-08
3.549688154188287792e-08
3.549836412157153024e-08
3.549984670126018917e-08
3.550132928094884810e-08
3.550281186063750703e-08
3.550429444032616596e-08
3.550577702001482489e-08
3.550725959970348382e-08
3.550874217939214275e-08
3.551022475908080168e-08
3.551170733876945400e-08
3.551318991845811293e-08
3.551467249814677186e-08
3.551615507783543079e-08
3.551763765752408972e-08
3.551912023721274865e-08
3.552060281690140758e-08
3.552208539659006651e-08
3.552356797627872545e-08
3.552505055596738438e-08
3.552653313565603669e-08
3.552801571534469562e-08
3.552949829503335455e-08
3.553098087472201348e-08
3.553246345441067242e-08
3.553394603409933135e-08
3.553542861378799028e-08
3.553691119347664921e-08
3.553839377316530814e-08
3.553987635285396707e-08
3.554135893254261938e-08
3.554284151223127832e-08
3.554432409191993725e-08
3.554580667160859618e-08
3.554728925129725511e-08
3.554877183098591404e-08
3.555025441067457297e-08
3.555173699036323190e-08
3.555321957005189083e-08
3.555470214974054976e-08
3.555618472942920208e-08
3.555766730911786101e-08
3.555914988880651994e-08
3.556063246849517887e-08
3.556211504818383780e-08
3.556359762787249673e-08
3.556508020756115566e-08
3.556656278724981460e-08
3.556804536693847353e-08
3.556952794662713246e-08
3.557101052631578477e-08
3.557249310600444370e-08
3.557397568569310263e-08
3.557545826538176156e-08
3.557694084507042050e-08
3.557842342475907943e-08
3.557990600444773836e-08
3.558138858413639729e-08
3.558287116382505622e-08
3.558435374351371515e-08
3.558583632320236746e-08
3.558731890289102640e-08
3.558880148257968533e-08
3.559028406226834426e-08
3.559176664195700319e-08
3.559324922164566212e-08
3.559473180133432105e-08
3.559621438102297998e-08
3.559769696071163891e-08
3.559917954040029784e-08
3.560066212008895016e-08
3.560214469977760909e-08
3.560362727946626802e-08
3.560510985915492695e-08
3.560659243884358588e-08
3.560807501853224481e-08
3.560955759822090374e-08
3.561104017790956268e-08
3.561252275759822161e-08
3.561400533728688054e-08
3.561548791697553285e-08
3.561697049666419178e-08
3.561845307635285071e-08
3.561993565604150964e-08
3.562141823573016858e-08
3.562290081541882751e-08
3.562438339510748644e-08
3.562586597479614537e-08
3.562734855448480430e-08
3.562883113417346323e-08
3.563031371386211554e-08
3.563179629355077448e-08
3.563327887323943341e-08
3.563476145292809234e-08
3.563624403261675127e-08
3.563772661230541020e-08
3.563920919199406913e-08
3.564069177168272806e-08
3.564217435137138699e-08
3.564365693106004592e-08
3.564513951074869824e-08
3.564662209043735717e-08
3.564810467012601610e-08
3.564958724981467503e-08
3.565106982950333396e-08
3.565255240919199289e-08
3.565403498888065182e-08
3.565551756856931076e-08
3.565700014825796969e-08
3.565848272794662862e-08
3.565996530763528093e-08
3.566144788732393986e-08
3.566293046701259879e-08
3.566441304670125772e-08
3.566589562638991666e-08
3.566737820607857559e-08
3.566886078576723452e-08
3.567034336545589345e-08
3.567182594514455238e-08
3.567330852483320469e-08
3.567479110452186362e-08
3.567627368421052256e-08
3.567775626389918149e-08
3.567923884358784042e-08
3.568072142327649935e-08
3.568220400296515828e-08
3.568368658265381721e-08
3.568516916234247614e-08
3.568665174203113507e-08
3.568813432171979400e-08
3.568961690140844632e-08
3.569109948109710525e-08
3.569258206078576418e-08
3.569406464047442311e-08
3.569554722016308204e-08
3.569702979985174097e-08
3.569851237954039990e-08
3.569999495922905884e-08
3.570147753891771777e-08
3.570296011860637008e-08
3.570444269829502901e-08
3.570592527798368794e-08
3.570740785767234687e-08
3.570889043736100580e-08
3.571037301704966474e-08
3.571185559673832367e-08
3.571333817642698260e-08
3.571482075611564153e-08
3.571630333580430046e-08
3.571778591549295277e-08
3.571926849518161170e-08
3.572075107487027064e-08
3.572223365455892957e-08
3.572371623424758850e-08
3.572519881393624743e-08
3.572668139362490636e-08
3.572816397331356529e-08
3.572964655300222422e-08
3.573112913269088315e-08
3.573261171237953547e-08
3.573409429206819440e-08
3.573557687175685333e-08
3.573705945144551226e-08
3.573854203113417119e-08
3.574002461082283012e-08
3.574150719051148905e-08
3.574298977020014798e-08
3.574447234988880692e-08
3.574595492957746585e-08
3.574743750926611816e-08
3.574892008895477709e-08
3.575040266864343602e-08
3.575188524833209495e-08
3.575336782802075388e-08
3.575485040770941282e-08
3.575633298739807175e-08
3.575781556708673068e-08
3.575929814677538961e-08
3.576078072646404854e-08
3.576226330615270085e-08
3.576374588584135978e-08
3.576522846553001872e-08
3.576671104521867765e-08
3.576819362490733658e-08
3.576967620459599551e-08
3.577115878428465444e-08
3.577264136397331337e-08
3.577412394366197230e-08
3.577560652335063123e-08
3.577708910303928355e-08
3.577857168272794248e-08
3.578005426241660141e-08
3.578153684210526034e-08
3.578301942179391927e-08
3.578450200148257820e-08
3.578598458117123713e-08
3.578746716085989606e-08
3.578894974054855500e-08
3.579043232023721393e-08
3.579191489992586624e-08
3.579339747961452517e-08
3.579488005930318410e-08
3.579636263899184303e-08
3.579784521868050196e-08
3.579932779836916090e-08
3.580081037805781983e-08
3.580229295774647876e-08
3.580377553743513769e-08
3.580525811712379000e-08
3.580674069681244893e-08
3.580822327650110786e-08
3.580970585618976680e-08
3.581118843587842573e-08
3.581267101556708466e-08
3.581415359525574359e-08
3.581563617494440252e-08
3.581711875463306145e-08
3.581860133432172038e-08
3.582008391401037931e-08
3.582156649369903163e-08
3.582304907338769056e-08
3.582453165307634949e-08
3.582601423276500842e-08
3.582749681245366735e-08
3.582897939214232628e-08
3.583046197183098521e-08
3.583194455151964414e-08
3.583342713120830308e-08
3.583490971089695539e-08
3.583639229058561432e-08
3.583787487027427325e-08
3.583935744996293218e-08
3.584084002965159111e-08
3.584232260934025004e-08
3.584380518902890898e-08
3.584528776871756791e-08
3.584677034840622684e-08
3.584825292809488577e-08
3.584973550778354470e-08
3.585121808747219701e-08
3.585270066716085594e-08
3.585418324684951488e-08
3.585566582653817381e-08
3.585714840622683274e-08
3.585863098591549167e-08
3.586011356560415060e-08
3.586159614529280953e-08
3.586307872498146846e-08
3.586456130467012078e-08
3.586604388435877971e-08
3.586752646404743864e-08
3.586900904373609757e-08
3.587049162342475650e-08
3.587197420311341543e-08
3.587345678280207436e-08
3.587493936249073329e-08
3.587642194217939222e-08
3.587790452186805116e-08
3.587938710155671009e-08
3.588086968124536240e-08
3.588235226093402133e-08
3.588383484062268026e-08
3.588531742031133919e-08
3.588679999999999812e-08
