3.270899999999999861e-08
3.271048257968865755e-08
3.271196515937731648e-08
3.271344773906597541e-08
3.271493031875463434e-08
3.271641289844328665e-08
3.271789547813194558e-08
3.271937805782060451e-08
3.272086063750926345e-08
3.272234321719792238e-08
3.272382579688658131e-08
3.272530837657524024e-08
3.272679095626389917e-08
3.272827353595255810e-08
3.272975611564121703e-08
3.273123869532986935e-08
3.273272127501852828e-08
3.273420385470718721e-08
3.273568643439584614e-08
3.273716901408450507e-08
3.273865159377316400e-08
3.274013417346182293e-08
3.274161675315048186e-08
3.274309933283914079e-08
3.274458191252779973e-08
3.274606449221645204e-08
3.274754707190511097e-08
3.274902965159376990e-08
3.275051223128242883e-08
3.275199481097108776e-08
3.275347739065974669e-08
3.275495997034840563e-08
3.275644255003706456e-08
3.275792512972572349e-08
3.275940770941438242e-08
3.276089028910303473e-08
3.276237286879169366e-08
3.276385544848035259e-08
3.276533802816901153e-08
3.276682060785767046e-08
3.276830318754632939e-08
3.276978576723498832e-08
3.277126834692364725e-08
3.277275092661230618e-08
3.277423350630096511e-08
3.277571608598961743e-08
3.277719866567827636e-08
3.277868124536693529e-08
3.278016382505559422e-08
3.278164640474425315e-08
3.278312898443291208e-08
3.278461156412157101e-08
3.278609414381022994e-08
3.278757672349888887e-08
3.278905930318754781e-08
3.279054188287620012e-08
3.279202446256485905e-08
3.279350704225351798e-08
3.279498962194217691e-08
3.279647220163083584e-08
3.279795478131949477e-08
3.279943736100815371e-08
3.280091994069681264e-08
3.280240252038547157e-08
3.280388510007413050e-08
3.280536767976278281e-08
3.280685025945144174e-08
3.280833283914010067e-08
3.280981541882875961e-08
3.281129799851741854e-08
3.281278057820607747e-08
3.281426315789473640e-08
3.281574573758339533e-08
3.281722831727205426e-08
3.281871089696071319e-08
3.282019347664936551e-08
3.282167605633802444e-08
3.282315863602668337e-08
3.282464121571534230e-08
3.282612379540400123e-08
3.282760637509266016e-08
3.282908895478131909e-08
3.283057153446997802e-08
3.283205411415863695e-08
3.283353669384729589e-08
3.283501927353594820e-08
3.283650185322460713e-08
3.283798443291326606e-08
3.283946701260192499e-08
3.284094959229058392e-08
3.284243217197924285e-08
3.284391475166790179e-08
3.284539733135656072e-08
3.284687991104521965e-08
3.284836249073387858e-08
3.284984507042253089e-08
3.285132765011118982e-08
3.285281022979984875e-08
3.285429280948850769e-08
3.285577538917716662e-08
3.285725796886582555e-08
3.285874054855448448e-08
3.286022312824314341e-08
3.286170570793180234e-08
3.286318828762046127e-08
3.286467086730911359e-08
3.286615344699777252e-08
3.286763602668643145e-08
3.286911860637509038e-08
3.287060118606374931e-08
3.287208376575240824e-08
3.287356634544106717e-08
3.287504892512972610e-08
3.287653150481838503e-08
3.287801408450704397e-08
3.287949666419569628e-08
3.288097924388435521e-08
3.288246182357301414e-08
3.288394440326167307e-08
3.288542698295033200e-08
3.288690956263899093e-08
3.288839214232764987e-08
3.288987472201630880e-08
3.289135730170496773e-08
3.289283988139362004e-08
3.289432246108227897e-08
3.289580504077093790e-08
3.289728762045959683e-08
3.289877020014825577e-08
3.290025277983691470e-08
3.290173535952557363e-08
3.290321793921423256e-08
3.290470051890289149e-08
3.290618309859155042e-08
3.290766567828020273e-08
3.290914825796886167e-08
3.291063083765752060e-08
3.291211341734617953e-08
3.291359599703483846e-08
3.291507857672349739e-08
3.291656115641215632e-08
3.291804373610081525e-08
3.291952631578947418e-08
3.292100889547813311e-08
3.292249147516678543e-08
3.292397405485544436e-08
3.292545663454410329e-08
3.292693921423276222e-08
3.292842179392142115e-08
3.292990437361008008e-08
3.293138695329873901e-08
3.293286953298739795e-08
3.293435211267605688e-08
3.293583469236471581e-08
3.293731727205336812e-08
3.293879985174202705e-08
3.294028243143068598e-08
3.294176501111934491e-08
3.294324759080800385e-08
3.294473017049666278e-08
3.294621275018532171e-08
3.294769532987398064e-08
3.294917790956263957e-08
3.295066048925129850e-08
3.295214306893995081e-08
3.295362564862860975e-08
3.295510822831726868e-08
3.295659080800592761e-08
3.295807338769458654e-08
3.295955596738324547e-08
3.296103854707190440e-08
3.296252112676056333e-08
3.296400370644922226e-08
3.296548628613788119e-08
3.296696886582653351e-08
3.296845144551519244e-08
3.296993402520385137e-08
3.297141660489251030e-08
3.297289918458116923e-08
3.297438176426982816e-08
3.297586434395848709e-08
3.297734692364714603e-08
3.297882950333580496e-08
3.298031208302446389e-08
3.298179466271311620e-08
3.298327724240177513e-08
3.298475982209043406e-08
3.298624240177909299e-08
3.298772498146775193e-08
3.298920756115641086e-08
3.299069014084506979e-08
3.299217272053372872e-08
3.299365530022238765e-08
3.299513787991104658e-08
3.299662045959969890e-08
3.299810303928835783e-08
3.299958561897701676e-08
3.300106819866567569e-08
3.300255077835433462e-08
3.300403335804299355e-08
3.300551593773165248e-08
3.300699851742031141e-08
3.300848109710897034e-08
3.300996367679762927e-08
3.301144625648628159e-08
3.301292883617494052e-08
3.301441141586359945e-08
3.301589399555225838e-08
3.301737657524091731e-08
3.301885915492957624e-08
3.302034173461823517e-08
3.302182431430689411e-08
3.302330689399555304e-08
3.302478947368421197e-08
3.302627205337286428e-08
3.302775463306152321e-08
3.302923721275018214e-08
3.303071979243884108e-08
3.303220237212750001e-08
3.303368495181615894e-08
3.303516753150481787e-08
3.303665011119347680e-08
3.303813269088213573e-08
3.303961527057079466e-08
3.304109785025944698e-08
3.304258042994810591e-08
3.304406300963676484e-08
3.304554558932542377e-08
3.304702816901408270e-08
3.304851074870274163e-08
3.304999332839140056e-08
3.305147590808005949e-08
3.305295848776871842e-08
3.305444106745737735e-08
3.305592364714602967e-08
3.305740622683468860e-08
3.305888880652334753e-08
3.306037138621200646e-08
3.306185396590066539e-08
3.306333654558932432e-08
3.306481912527798326e-08
3.306630170496664219e-08
3.306778428465530112e-08
3.306926686434396005e-08
3.307074944403261236e-08
3.307223202372127129e-08
3.307371460340993022e-08
3.307519718309858916e-08
3.307667976278724809e-08
3.307816234247590702e-08
3.307964492216456595e-08
3.308112750185322488e-08
3.308261008154188381e-08
3.308409266123053612e-08
3.308557524091919506e-08
3.308705782060785399e-08
3.308854040029651292e-08
3.309002297998517185e-08
3.309150555967383078e-08
3.309298813936248971e-08
3.309447071905114864e-08
3.309595329873980757e-08
3.309743587842846650e-08
3.309891845811711882e-08
3.310040103780577775e-08
3.310188361749443668e-08
3.310336619718309561e-08
3.310484877687175454e-08
3.310633135656041347e-08
3.310781393624907240e-08
3.310929651593773134e-08
3.311077909562639027e-08
3.311226167531504920e-08
3.311374425500370151e-08
3.311522683469236044e-08
3.311670941438101937e-08
3.311819199406967830e-08
3.311967457375833724e-08
3.312115715344699617e-08
3.312263973313565510e-08
3.312412231282431403e-08
3.312560489251297296e-08
3.312708747220163189e-08
3.312857005189028420e-08
3.313005263157894314e-08
3.313153521126760207e-08
3.313301779095626100e-08
3.313450037064491993e-08
3.313598295033357886e-08
3.313746553002223779e-08
3.313894810971089672e-08
3.314043068939955565e-08
3.314191326908821458e-08
3.314339584877686690e-08
3.314487842846552583e-08
3.314636100815418476e-08
3.314784358784284369e-08
3.314932616753150262e-08
3.315080874722016155e-08
3.315229132690882048e-08
3.315377390659747942e-08
3.315525648628613835e-08
3.315673906597479728e-08
3.315822164566344959e-08
3.315970422535210852e-08
3.316118680504076745e-08
3.316266938472942638e-08
3.316415196441808532e-08
3.316563454410674425e-08
3.316711712379540318e-08
3.316859970348406211e-08
3.317008228317272104e-08
3.317156486286137997e-08
3.317304744255003228e-08
3.317453002223869122e-08
3.317601260192735015e-08
3.317749518161600908e-08
3.317897776130466801e-08
3.318046034099332694e-08
3.318194292068198587e-08
3.318342550037064480e-08
3.318490808005930373e-08
3.318639065974796266e-08
3.318787323943661498e-08
3.318935581912527391e-08
3.319083839881393284e-08
3.319232097850259177e-08
3.319380355819125070e-08
3.319528613787990963e-08
3.319676871756856856e-08
3.319825129725722750e-08
3.319973387694588643e-08
3.320121645663454536e-08
3.320269903632319767e-08
3.320418161601185660e-08
3.320566419570051553e-08
3.320714677538917446e-08
3.320862935507783340e-08
3.321011193476649233e-08
3.321159451445515126e-08
3.321307709414381019e-08
3.321455967383246912e-08
3.321604225352112805e-08
3.321752483320978036e-08
3.321900741289843930e-08
3.322048999258709823e-08
3.322197257227575716e-08
3.322345515196441609e-08
3.322493773165307502e-08
3.322642031134173395e-08
3.322790289103039288e-08
3.322938547071905181e-08
3.323086805040771074e-08
3.323235063009636306e-08
3.323383320978502199e-08
3.323531578947368092e-08
3.323679836916233985e-08
3.323828094885099878e-08
3.323976352853965771e-08
3.324124610822831664e-08
3.324272868791697558e-08
3.324421126760563451e-08
3.324569384729428682e-08
3.324717642698294575e-08
3.324865900667160468e-08
3.325014158636026361e-08
3.325162416604892254e-08
3.325310674573758148e-08
3.325458932542624041e-08
3.325607190511489934e-08
3.325755448480355827e-08
3.325903706449221720e-08
3.326051964418086951e-08
3.326200222386952844e-08
3.326348480355818738e-08
3.326496738324684631e-08
3.326644996293550524e-08
3.326793254262416417e-08
3.326941512231282310e-08
3.327089770200148203e-08
3.327238028169014096e-08
3.327386286137879989e-08
3.327534544106745221e-08
3.327682802075611114e-08
3.327831060044477007e-08
3.327979318013342900e-08
3.328127575982208793e-08
3.328275833951074686e-08
3.328424091919940579e-08
3.328572349888806472e-08
3.328720607857672366e-08
3.328868865826538259e-08
3.329017123795403490e-08
3.329165381764269383e-08
3.329313639733135276e-08
3.329461897702001169e-08
3.329610155670867062e-08
3.329758413639732956e-08
3.329906671608598849e-08
3.330054929577464742e-08
3.330203187546330635e-08
3.330351445515196528e-08
3.330499703484061759e-08
3.330647961452927652e-08
3.330796219421793546e-08
3.330944477390659439e-08
3.331092735359525332e-08
3.331240993328391225e-08
3.331389251297257118e-08
3.331537509266123011e-08
3.331685767234988904e-08
3.331834025203854797e-08
3.331982283172720029e-08
3.332130541141585922e-08
3.332278799110451815e-08
3.332427057079317708e-08
3.332575315048183601e-08
3.332723573017049494e-08
3.332871830985915387e-08
3.333020088954781280e-08
3.333168346923647174e-08
3.333316604892513067e-08
3.333464862861378298e-08
3.333613120830244191e-08
3.333761378799110084e-08
3.333909636767975977e-08
3.334057894736841870e-08
3.334206152705707764e-08
3.334354410674573657e-08
3.334502668643439550e-08
3.334650926612305443e-08
3.334799184581171336e-08
3.334947442550036567e-08
3.335095700518902460e-08
3.335243958487768354e-08
3.335392216456634247e-08
3.335540474425500140e-08
3.335688732394366033e-08
3.335836990363231926e-08
3.335985248332097819e-08
3.336133506300963712e-08
3.336281764269829605e-08
3.336430022238694837e-08
3.336578280207560730e-08
3.336726538176426623e-08
3.336874796145292516e-08
3.337023054114158409e-08
3.337171312083024302e-08
3.337319570051890195e-08
3.337467828020756088e-08
3.337616085989621982e-08
3.337764343958487875e-08
3.337912601927353106e-08
3.338060859896218999e-08
3.338209117865084892e-08
3.338357375833950785e-08
3.338505633802816678e-08
3.338653891771682572e-08
3.338802149740548465e-08
3.338950407709414358e-08
3.339098665678280251e-08
3.339246923647146144e-08
3.339395181616011375e-08
3.339543439584877268e-08
3.339691697553743162e-08
3.339839955522609055e-08
3.339988213491474948e-08
3.340136471460340841e-08
3.340284729429206734e-08
3.340432987398072627e-08
3.340581245366938520e-08
3.340729503335804413e-08
3.340877761304669645e-08
3.341026019273535538e-08
3.341174277242401431e-08
3.341322535211267324e-08
3.341470793180133217e-08
3.341619051148999110e-08
3.341767309117865003e-08
3.341915567086730896e-08
3.342063825055596790e-08
3.342212083024462683e-08
3.342360340993327914e-08
3.342508598962193807e-08
3.342656856931059700e-08
3.342805114899925593e-08
3.342953372868791486e-08
3.343101630837657380e-08
3.343249888806523273e-08
3.343398146775389166e-08
3.343546404744255059e-08
3.343694662713120290e-08
3.343842920681986183e-08
3.343991178650852077e-08
3.344139436619717970e-08
3.344287694588583863e-08
3.344435952557449756e-08
3.344584210526315649e-08
3.344732468495181542e-08
3.344880726464047435e-08
3.345028984432913328e-08
3.345177242401778560e-08
3.345325500370644453e-08
3.345473758339510346e-08
3.345622016308376239e-08
3.345770274277242132e-08
3.345918532246108025e-08
3.346066790214973918e-08
3.346215048183839811e-08
3.346363306152705704e-08
3.346511564121571598e-08
3.346659822090436829e-08
3.346808080059302722e-08
3.346956338028168615e-08
3.347104595997034508e-08
3.347252853965900401e-08
3.347401111934766295e-08
3.347549369903632188e-08
3.347697627872498081e-08
3.347845885841363974e-08
3.347994143810229867e-08
3.348142401779095098e-08
3.348290659747960991e-08
3.348438917716826885e-08
3.348587175685692778e-08
3.348735433654558671e-08
3.348883691623424564e-08
3.349031949592290457e-08
3.349180207561156350e-08
3.349328465530022243e-08
3.349476723498888136e-08
3.349624981467753368e-08
3.349773239436619261e-08
3.349921497405485154e-08
3.350069755374351047e-08
3.350218013343216940e-08
3.350366271312082833e-08
3.350514529280948726e-08
3.350662787249814619e-08
3.350811045218680513e-08
3.350959303187546406e-08
3.351107561156411637e-08
3.351255819125277530e-08
3.351404077094143423e-08
3.351552335063009316e-08
3.351700593031875209e-08
3.351848851000741103e-08
3.351997108969606996e-08
3.352145366938472889e-08
3.352293624907338782e-08
3.352441882876204675e-08
3.352590140845069906e-08
3.352738398813935799e-08
3.352886656782801693e-08
3.353034914751667586e-08
3.353183172720533479e-08
3.353331430689399372e-08
3.353479688658265265e-08
3.353627946627131158e-08
3.353776204595997051e-08
3.353924462564862944e-08
3.354072720533728176e-08
3.354220978502594069e-08
3.354369236471459962e-08
3.354517494440325855e-08
3.354665752409191748e-08
3.354814010378057641e-08
3.354962268346923534e-08
3.355110526315789427e-08
3.355258784284655321e-08
3.355407042253521214e-08
3.355555300222386445e-08
3.355703558191252338e-08
3.355851816160118231e-08
3.356000074128984124e-08
3.356148332097850017e-08
3.356296590066715911e-08
3.356444848035581804e-08
3.356593106004447697e-08
3.356741363973313590e-08
3.356889621942179483e-08
3.357037879911044714e-08
3.357186137879910607e-08
3.357334395848776501e-08
3.357482653817642394e-08
3.357630911786508287e-08
3.357779169755374180e-08
3.357927427724240073e-08
3.358075685693105966e-08
3.358223943661971859e-08
3.358372201630837752e-08
3.358520459599702984e-08
3.358668717568568877e-08
3.358816975537434770e-08
3.358965233506300663e-08
3.359113491475166556e-08
3.359261749444032449e-08
3.359410007412898342e-08
3.359558265381764235e-08
3.359706523350630129e-08
3.359854781319495360e-08
3.360003039288361253e-08
3.360151297257227146e-08
3.360299555226093039e-08
3.360447813194958932e-08
3.360596071163824825e-08
3.360744329132690719e-08
3.360892587101556612e-08
3.361040845070422505e-08
3.361189103039288398e-08
3.361337361008154291e-08
3.361485618977019522e-08
3.361633876945885415e-08
3.361782134914751309e-08
3.361930392883617202e-08
3.362078650852483095e-08
3.362226908821348988e-08
3.362375166790214881e-08
3.362523424759080774e-08
3.362671682727946667e-08
3.362819940696811899e-08
3.362968198665677792e-08
3.363116456634543685e-08
3.363264714603409578e-08
3.363412972572275471e-08
3.363561230541141364e-08
3.363709488510007257e-08
3.363857746478873150e-08
3.364006004447739043e-08
3.364154262416604937e-08
3.364302520385470168e-08
3.364450778354336061e-08
3.364599036323201954e-08
3.364747294292067847e-08
3.364895552260933740e-08
3.365043810229799633e-08
3.365192068198665527e-08
3.365340326167531420e-08
3.365488584136397313e-08
3.365636842105263206e-08
3.365785100074128437e-08
3.365933358042994330e-08
3.366081616011860223e-08
3.366229873980726117e-08
3.366378131949592010e-08
3.366526389918457903e-08
3.366674647887323796e-08
3.366822905856189689e-08
3.366971163825055582e-08
3.367119421793921475e-08
3.367267679762786707e-08
3.367415937731652600e-08
3.367564195700518493e-08
3.367712453669384386e-08
3.367860711638250279e-08
3.368008969607116172e-08
3.368157227575982065e-08
3.368305485544847958e-08
3.368453743513713851e-08
3.368602001482579745e-08
3.368750259451444976e-08
3.368898517420310869e-08
3.369046775389176762e-08
3.369195033358042655e-08
3.369343291326908548e-08
3.369491549295774441e-08
3.369639807264640335e-08
3.369788065233506228e-08
3.369936323202372121e-08
3.370084581171238014e-08
3.370232839140103245e-08
3.370381097108969138e-08
3.370529355077835031e-08
3.370677613046700925e-08
3.370825871015566818e-08
3.370974128984432711e-08
3.371122386953298604e-08
3.371270644922164497e-08
3.371418902891030390e-08
3.371567160859896283e-08
3.371715418828761515e-08
3.371863676797627408e-08
3.372011934766493301e-08
3.372160192735359194e-08
3.372308450704225087e-08
3.372456708673090980e-08
3.372604966641956873e-08
3.372753224610822766e-08
3.372901482579688659e-08
3.373049740548554553e-08
3.373197998517419784e-08
3.373346256486285677e-08
3.373494514455151570e-08
3.373642772424017463e-08
3.373791030392883356e-08
3.373939288361749249e-08
3.374087546330615143e-08
3.374235804299481036e-08
3.374384062268346929e-08
3.374532320237212822e-08
3.374680578206078053e-08
3.374828836174943946e-08
3.374977094143809839e-08
3.375125352112675733e-08
3.375273610081541626e-08
3.375421868050407519e-08
3.375570126019273412e-08
3.375718383988139305e-08
3.375866641957005198e-08
3.376014899925870429e-08
3.376163157894736323e-08
3.376311415863602216e-08
3.376459673832468109e-08
3.376607931801334002e-08
3.376756189770199895e-08
3.376904447739065788e-08
3.377052705707931681e-08
3.377200963676797574e-08
3.377349221645663467e-08
3.377497479614529361e-08
3.377645737583394592e-08
3.377793995552260485e-08
3.377942253521126378e-08
3.378090511489992271e-08
3.378238769458858164e-08
3.378387027427724057e-08
3.378535285396589951e-08
3.378683543365455844e-08
3.378831801334321737e-08
3.378980059303186968e-08
3.379128317272052861e-08
3.379276575240918754e-08
3.379424833209784647e-08
3.379573091178650541e-08
3.379721349147516434e-08
3.379869607116382327e-08
3.380017865085248220e-08
3.380166123054114113e-08
3.380314381022980006e-08
3.380462638991845899e-08
3.380610896960711131e-08
3.380759154929577024e-08
3.380907412898442917e-08
3.381055670867308810e-08
3.381203928836174703e-08
3.381352186805040596e-08
3.381500444773906489e-08
3.381648702742772382e-08
3.381796960711638275e-08
3.381945218680503507e-08
3.382093476649369400e-08
3.382241734618235293e-08
3.382389992587101186e-08
3.382538250555967079e-08
3.382686508524832972e-08
3.382834766493698865e-08
3.382983024462564759e-08
3.383131282431430652e-08
3.383279540400296545e-08
3.383427798369161776e-08
3.383576056338027669e-08
3.383724314306893562e-08
3.383872572275759456e-08
3.384020830244625349e-08
3.384169088213491242e-08
3.384317346182357135e-08
3.384465604151223028e-08
3.384613862120088921e-08
3.384762120088954814e-08
3.384910378057820046e-08
3.385058636026685939e-08
3.385206893995551832e-08
3.385355151964417725e-08
3.385503409933283618e-08
3.385651667902149511e-08
3.385799925871015404e-08
3.385948183839881297e-08
3.386096441808747190e-08
3.386244699777613083e-08
3.386392957746478315e-08
3.386541215715344208e-08
3.386689473684210101e-08
3.386837731653075994e-08
3.386985989621941887e-08
3.387134247590807780e-08
3.387282505559673674e-08
3.387430763528539567e-08
3.387579021497405460e-08
3.387727279466271353e-08
3.387875537435136584e-08
3.388023795404002477e-08
3.388172053372868370e-08
3.388320311341734264e-08
3.388468569310600157e-08
3.388616827279466050e-08
3.388765085248331943e-08
3.388913343217197836e-08
3.389061601186063729e-08
3.389209859154929622e-08
3.389358117123794854e-08
3.389506375092660747e-08
3.389654633061526640e-08
3.389802891030392533e-08
3.389951148999258426e-08
3.390099406968124319e-08
3.390247664936990212e-08
3.390395922905856105e-08
3.390544180874721998e-08
3.390692438843587892e-08
3.390840696812453123e-08
3.390988954781319016e-08
3.391137212750184909e-08
3.391285470719050802e-08
3.391433728687916695e-08
3.391581986656782588e-08
3.391730244625648482e-08
3.391878502594514375e-08
3.392026760563380268e-08
3.392175018532246161e-08
3.392323276501111392e-08
3.392471534469977285e-08
3.392619792438843178e-08
3.392768050407709072e-08
3.392916308376574965e-08
3.393064566345440858e-08
3.393212824314306751e-08
3.393361082283172644e-08
3.393509340252038537e-08
3.393657598220904430e-08
3.393805856189769662e-08
3.393954114158635555e-08
3.394102372127501448e-08
3.394250630096367341e-08
3.394398888065233234e-08
3.394547146034099127e-08
3.394695404002965020e-08
3.394843661971830913e-08
3.394991919940696806e-08
3.395140177909562038e-08
3.395288435878427931e-08
3.395436693847293824e-08
3.395584951816159717e-08
3.395733209785025610e-08
3.395881467753891503e-08
3.396029725722757396e-08
3.396177983691623290e-08
3.396326241660489183e-08
3.396474499629355076e-08
3.396622757598220969e-08
3.396771015567086200e-08
3.396919273535952093e-08
3.397067531504817986e-08
3.397215789473683880e-08
3.397364047442549773e-08
3.397512305411415666e-08
3.397660563380281559e-08
3.397808821349147452e-08
3.397957079318013345e-08
3.398105337286878576e-08
3.398253595255744470e-08
3.398401853224610363e-08
3.398550111193476256e-08
3.398698369162342149e-08
3.398846627131208042e-08
3.398994885100073935e-08
3.399143143068939828e-08
3.399291401037805721e-08
3.399439659006671614e-08
3.399587916975536846e-08
3.399736174944402739e-08
3.399884432913268632e-08
3.400032690882134525e-08
3.400180948851000418e-08
3.400329206819866311e-08
3.400477464788732204e-08
3.400625722757598098e-08
3.400773980726463991e-08
3.400922238695329884e-08
3.401070496664195115e-08
3.401218754633061008e-08
3.401367012601926901e-08
3.401515270570792794e-08
3.401663528539658688e-08
3.401811786508524581e-08
3.401960044477390474e-08
3.402108302446256367e-08
3.402256560415122260e-08
3.402404818383988153e-08
3.402553076352853384e-08
3.402701334321719278e-08
3.402849592290585171e-08
3.402997850259451064e-08
3.403146108228316957e-08
3.403294366197182850e-08
3.403442624166048743e-08
3.403590882134914636e-08
3.403739140103780529e-08
3.403887398072646422e-08
3.404035656041511654e-08
3.404183914010377547e-08
3.404332171979243440e-08
3.404480429948109333e-08
3.404628687916975226e-08
3.404776945885841119e-08
3.404925203854707012e-08
3.405073461823572906e-08
3.405221719792438799e-08
3.405369977761304692e-08
3.405518235730169923e-08
3.405666493699035816e-08
3.405814751667901709e-08
3.405963009636767602e-08
3.406111267605633496e-08
3.406259525574499389e-08
3.406407783543365282e-08
3.406556041512231175e-08
3.406704299481097068e-08
3.406852557449962961e-08
3.407000815418828192e-08
3.407149073387694086e-08
3.407297331356559979e-08
3.407445589325425872e-08
3.407593847294291765e-08
3.407742105263157658e-08
3.407890363232023551e-08
3.408038621200889444e-08
3.408186879169755337e-08
3.408335137138621230e-08
3.408483395107486462e-08
3.408631653076352355e-08
3.408779911045218248e-08
3.408928169014084141e-08
3.409076426982950034e-08
3.409224684951815927e-08
3.409372942920681820e-08
3.409521200889547714e-08
3.409669458858413607e-08
3.409817716827279500e-08
3.409965974796144731e-08
3.410114232765010624e-08
3.410262490733876517e-08
3.410410748702742410e-08
3.410559006671608304e-08
3.410707264640474197e-08
3.410855522609340090e-08
3.411003780578205983e-08
3.411152038547071876e-08
3.411300296515937107e-08
3.411448554484803000e-08
3.411596812453668894e-08
3.411745070422534787e-08
3.411893328391400680e-08
3.412041586360266573e-08
3.412189844329132466e-08
3.412338102297998359e-08
3.412486360266864252e-08
3.412634618235730145e-08
3.412782876204596038e-08
3.412931134173461270e-08
3.413079392142327163e-08
3.413227650111193056e-08
3.413375908080058949e-08
3.413524166048924842e-08
3.413672424017790735e-08
3.413820681986656628e-08
3.413968939955522522e-08
3.414117197924388415e-08
3.414265455893253646e-08
3.414413713862119539e-08
3.414561971830985432e-08
3.414710229799851325e-08
3.414858487768717218e-08
3.415006745737583112e-08
3.415155003706449005e-08
3.415303261675314898e-08
3.415451519644180791e-08
3.415599777613046684e-08
3.415748035581912577e-08
3.415896293550777808e-08
3.416044551519643702e-08
3.416192809488509595e-08
3.416341067457375488e-08
3.416489325426241381e-08
3.416637583395107274e-08
3.416785841363973167e-08
3.416934099332839060e-08
3.417082357301704953e-08
3.417230615270570185e-08
3.417378873239436078e-08
3.417527131208301971e-08
3.417675389177167864e-08
3.417823647146033757e-08
3.417971905114899650e-08
3.418120163083765543e-08
3.418268421052631436e-08
3.418416679021497330e-08
3.418564936990363223e-08
3.418713194959228454e-08
3.418861452928094347e-08
3.419009710896960240e-08
3.419157968865826133e-08
3.419306226834692026e-08
3.419454484803557920e-08
3.419602742772423813e-08
3.419751000741289706e-08
3.419899258710155599e-08
3.420047516679021492e-08
3.420195774647886723e-08
3.420344032616752616e-08
3.420492290585618510e-08
3.420640548554484403e-08
3.420788806523350296e-08
3.420937064492216189e-08
3.421085322461082082e-08
3.421233580429947975e-08
3.421381838398813868e-08
3.421530096367679761e-08
3.421678354336544993e-08
3.421826612305410886e-08
3.421974870274276779e-08
3.422123128243142672e-08
3.422271386212008565e-08
3.422419644180874458e-08
3.422567902149740351e-08
3.422716160118606244e-08
3.422864418087472138e-08
3.423012676056338031e-08
3.423160934025203262e-08
3.423309191994069155e-08
3.423457449962935048e-08
3.423605707931800941e-08
3.423753965900666834e-08
3.423902223869532728e-08
3.424050481838398621e-08
3.424198739807264514e-08
3.424346997776130407e-08
3.424495255744996300e-08
3.424643513713861531e-08
3.424791771682727425e-08
3.424940029651593318e-08
3.425088287620459211e-08
3.425236545589325104e-08
3.425384803558190997e-08
3.425533061527056890e-08
3.425681319495922783e-08
3.425829577464788676e-08
3.425977835433654569e-08
3.426126093402519801e-08
3.426274351371385694e-08
3.426422609340251587e-08
3.426570867309117480e-08
3.426719125277983373e-08
3.426867383246849266e-08
3.427015641215715159e-08
3.427163899184581052e-08
3.427312157153446946e-08
3.427460415122312839e-08
3.427608673091178070e-08
3.427756931060043963e-08
3.427905189028909856e-08
3.428053446997775749e-08
3.428201704966641643e-08
3.428349962935507536e-08
3.428498220904373429e-08
3.428646478873239322e-08
3.428794736842105215e-08
3.428942994810971108e-08
3.429091252779836339e-08
3.429239510748702233e-08
3.429387768717568126e-08
3.429536026686434019e-08
3.429684284655299912e-08
3.429832542624165805e-08
3.429980800593031698e-08
3.430129058561897591e-08
3.430277316530763484e-08
3.430425574499628716e-08
3.430573832468494609e-08
3.430722090437360502e-08
3.430870348406226395e-08
3.431018606375092288e-08
3.431166864343958181e-08
3.431315122312824074e-08
3.431463380281689967e-08
3.431611638250555861e-08
3.431759896219421754e-08
3.431908154188287647e-08
3.432056412157152878e-08
3.432204670126018771e-08
3.432352928094884664e-08
3.432501186063750557e-08
3.432649444032616451e-08
3.432797702001482344e-08
3.432945959970348237e-08
3.433094217939214130e-08
3.433242475908080023e-08
3.433390733876945254e-08
3.433538991845811147e-08
3.433687249814677041e-08
3.433835507783542934e-08
3.433983765752408827e-08
3.434132023721274720e-08
3.434280281690140613e-08
3.434428539659006506e-08
3.434576797627872399e-08
3.434725055596738292e-08
3.434873313565603524e-08
3.435021571534469417e-08
3.435169829503335310e-08
3.435318087472201203e-08
3.435466345441067096e-08
3.435614603409932989e-08
3.435762861378798882e-08
3.435911119347664775e-08
3.436059377316530669e-08
3.436207635285396562e-08
3.436355893254261793e-08
3.436504151223127686e-08
3.436652409191993579e-08
3.436800667160859472e-08
3.436948925129725365e-08
3.437097183098591259e-08
3.437245441067457152e-08
3.437393699036323045e-08
3.437541957005188938e-08
3.437690214974054831e-08
3.437838472942920062e-08
3.437986730911785955e-08
3.438134988880651849e-08
3.438283246849517742e-08
3.438431504818383635e-08
3.438579762787249528e-08
3.438728020756115421e-08
3.438876278724981314e-08
3.439024536693847207e-08
3.439172794662713100e-08
3.439321052631578332e-08
3.439469310600444225e-08
3.439617568569310118e-08
3.439765826538176011e-08
3.439914084507041904e-08
3.440062342475907797e-08
3.440210600444773690e-08
3.440358858413639583e-08
3.440507116382505477e-08
3.440655374351371370e-08
3.440803632320236601e-08
3.440951890289102494e-08
3.441100148257968387e-08
3.441248406226834280e-08
3.441396664195700173e-08
3.441544922164566067e-08
3.441693180133431960e-08
3.441841438102297853e-08
3.441989696071163746e-08
3.442137954040029639e-08
3.442286212008894870e-08
3.442434469977760763e-08
3.442582727946626657e-08
3.442730985915492550e-08
3.442879243884358443e-08
3.443027501853224336e-08
3.443175759822090229e-08
3.443324017790956122e-08
3.443472275759822015e-08
3.443620533728687908e-08
3.443768791697553140e-08
3.443917049666419033e-08
3.444065307635284926e-08
3.444213565604150819e-08
3.444361823573016712e-08
3.444510081541882605e-08
3.444658339510748498e-08
3.444806597479614391e-08
3.444954855448480285e-08
3.445103113417346178e-08
3.445251371386211409e-08
3.445399629355077302e-08
3.445547887323943195e-08
3.445696145292809088e-08
3.445844403261674981e-08
3.445992661230540875e-08
3.446140919199406768e-08
3.446289177168272661e-08
3.446437435137138554e-08
3.446585693106004447e-08
3.446733951074869678e-08
3.446882209043735571e-08
3.447030467012601465e-08
3.447178724981467358e-08
3.447326982950333251e-08
3.447475240919199144e-08
3.447623498888065037e-08
3.447771756856930930e-08
3.447920014825796823e-08
3.448068272794662716e-08
3.448216530763527948e-08
3.448364788732393841e-08
3.448513046701259734e-08
3.448661304670125627e-08
3.448809562638991520e-08
3.448957820607857413e-08
3.449106078576723306e-08
3.449254336545589199e-08
3.449402594514455093e-08
3.449550852483320324e-08
3.449699110452186217e-08
3.449847368421052110e-08
3.449995626389918003e-08
3.450143884358783896e-08
3.450292142327649789e-08
3.450440400296515683e-08
3.450588658265381576e-08
3.450736916234247469e-08
3.450885174203113362e-08
3.451033432171979255e-08
3.451181690140844486e-08
3.451329948109710379e-08
3.451478206078576273e-08
3.451626464047442166e-08
3.451774722016308059e-08
3.451922979985173952e-08
3.452071237954039845e-08
3.452219495922905738e-08
3.452367753891771631e-08
3.452516011860636863e-08
3.452664269829502756e-08
3.452812527798368649e-08
3.452960785767234542e-08
3.453109043736100435e-08
3.453257301704966328e-08
3.453405559673832221e-08
3.453553817642698114e-08
3.453702075611564007e-08
3.453850333580429901e-08
3.453998591549295132e-08
3.454146849518161025e-08
3.454295107487026918e-08
3.454443365455892811e-08
3.454591623424758704e-08
3.454739881393624597e-08
3.454888139362490491e-08
3.455036397331356384e-08
3.455184655300222277e-08
3.455332913269088170e-08
3.455481171237953401e-08
3.455629429206819294e-08
3.455777687175685187e-08
3.455925945144551081e-08
3.456074203113416974e-08
3.456222461082282867e-08
3.456370719051148760e-08
3.456518977020014653e-08
3.456667234988880546e-08
3.456815492957746439e-08
3.456963750926611671e-08
3.457112008895477564e-08
3.457260266864343457e-08
3.457408524833209350e-08
3.457556782802075243e-08
3.457705040770941136e-08
3.457853298739807029e-08
3.458001556708672922e-08
3.458149814677538815e-08
3.458298072646404709e-08
3.458446330615269940e-08
3.458594588584135833e-08
3.458742846553001726e-08
3.458891104521867619e-08
3.459039362490733512e-08
3.459187620459599405e-08
3.459335878428465299e-08
3.459484136397331192e-08
3.459632394366197085e-08
3.459780652335062978e-08
3.459928910303928209e-08
3.460077168272794102e-08
3.460225426241659995e-08
3.460373684210525889e-08
3.460521942179391782e-08
3.460670200148257675e-08
3.460818458117123568e-08
3.460966716085989461e-08
3.461114974054855354e-08
3.461263232023721247e-08
3.461411489992586479e-08
3.461559747961452372e-08
3.461708005930318265e-08
3.461856263899184158e-08
3.462004521868050051e-08
3.462152779836915944e-08
3.462301037805781837e-08
3.462449295774647730e-08
3.462597553743513623e-08
3.462745811712378855e-08
3.462894069681244748e-08
3.463042327650110641e-08
3.463190585618976534e-08
3.463338843587842427e-08
3.463487101556708320e-08
3.463635359525574213e-08
3.463783617494440107e-08
3.463931875463306000e-08
3.464080133432171893e-08
3.464228391401037786e-08
3.464376649369903017e-08
3.464524907338768910e-08
3.464673165307634804e-08
3.464821423276500697e-08
3.464969681245366590e-08
3.465117939214232483e-08
3.465266197183098376e-08
3.465414455151964269e-08
3.465562713120830162e-08
3.465710971089695394e-08
3.465859229058561287e-08
3.466007487027427180e-08
3.466155744996293073e-08
3.466304002965158966e-08
3.466452260934024859e-08
3.466600518902890752e-08
3.466748776871756645e-08
3.466897034840622538e-08
3.467045292809488431e-08
3.467193550778354325e-08
3.467341808747219556e-08
3.467490066716085449e-08
3.467638324684951342e-08
3.467786582653817235e-08
3.467934840622683128e-08
3.468083098591549022e-08
3.468231356560414915e-08
3.468379614529280808e-08
3.468527872498146701e-08
3.468676130467011932e-08
3.468824388435877825e-08
3.468972646404743718e-08
3.469120904373609612e-08
3.469269162342475505e-08
3.469417420311341398e-08
3.469565678280207291e-08
3.469713936249073184e-08
3.469862194217939077e-08
3.470010452186804970e-08
3.470158710155670863e-08
3.470306968124536095e-08
3.470455226093401988e-08
3.470603484062267881e-08
3.470751742031133774e-08
3.470899999999999667e-08
