3.180719999999999910e-08
3.180868257968865803e-08
3.181016515937731696e-08
3.181164773906597590e-08
3.181313031875463483e-08
3.181461289844328714e-08
3.181609547813194607e-08
3.181757805782060500e-08
3.181906063750926393e-08
3.182054321719792286e-08
3.182202579688658180e-08
3.182350837657524073e-08
3.182499095626389966e-08
3.182647353595255859e-08
3.182795611564121752e-08
3.182943869532986983e-08
3.183092127501852876e-08
3.183240385470718770e-08
3.183388643439584663e-08
3.183536901408450556e-08
3.183685159377316449e-08
3.183833417346182342e-08
3.183981675315048235e-08
3.184129933283914128e-08
3.184278191252780021e-08
3.184426449221645253e-08
3.184574707190511146e-08
3.184722965159377039e-08
3.184871223128242932e-08
3.185019481097108825e-08
3.185167739065974718e-08
3.185315997034840611e-08
3.185464255003706504e-08
3.185612512972572398e-08
3.185760770941438291e-08
3.185909028910303522e-08
3.186057286879169415e-08
3.186205544848035308e-08
3.186353802816901201e-08
3.186502060785767094e-08
3.186650318754632988e-08
3.186798576723498881e-08
3.186946834692364774e-08
3.187095092661230667e-08
3.187243350630096560e-08
3.187391608598961791e-08
3.187539866567827684e-08
3.187688124536693578e-08
3.187836382505559471e-08
3.187984640474425364e-08
3.188132898443291257e-08
3.188281156412157150e-08
3.188429414381023043e-08
3.188577672349888936e-08
3.188725930318754829e-08
3.188874188287620061e-08
3.189022446256485954e-08
3.189170704225351847e-08
3.189318962194217740e-08
3.189467220163083633e-08
3.189615478131949526e-08
3.189763736100815419e-08
3.189911994069681312e-08
3.190060252038547206e-08
3.190208510007413099e-08
3.190356767976278330e-08
3.190505025945144223e-08
3.190653283914010116e-08
3.190801541882876009e-08
3.190949799851741902e-08
3.191098057820607796e-08
3.191246315789473689e-08
3.191394573758339582e-08
3.191542831727205475e-08
3.191691089696071368e-08
3.191839347664936599e-08
3.191987605633802492e-08
3.192135863602668386e-08
3.192284121571534279e-08
3.192432379540400172e-08
3.192580637509266065e-08
3.192728895478131958e-08
3.192877153446997851e-08
3.193025411415863744e-08
3.193173669384729637e-08
3.193321927353594869e-08
3.193470185322460762e-08
3.193618443291326655e-08
3.193766701260192548e-08
3.193914959229058441e-08
3.194063217197924334e-08
3.194211475166790227e-08
3.194359733135656120e-08
3.194507991104522014e-08
3.194656249073387907e-08
3.194804507042253138e-08
3.194952765011119031e-08
3.195101022979984924e-08
3.195249280948850817e-08
3.195397538917716710e-08
3.195545796886582604e-08
3.195694054855448497e-08
3.195842312824314390e-08
3.195990570793180283e-08
3.196138828762046176e-08
3.196287086730911407e-08
3.196435344699777300e-08
3.196583602668643194e-08
3.196731860637509087e-08
3.196880118606374980e-08
3.197028376575240873e-08
3.197176634544106766e-08
3.197324892512972659e-08
3.197473150481838552e-08
3.197621408450704445e-08
3.197769666419569677e-08
3.197917924388435570e-08
3.198066182357301463e-08
3.198214440326167356e-08
3.198362698295033249e-08
3.198510956263899142e-08
3.198659214232765035e-08
3.198807472201630928e-08
3.198955730170496822e-08
3.199103988139362053e-08
3.199252246108227946e-08
3.199400504077093839e-08
3.199548762045959732e-08
3.199697020014825625e-08
3.199845277983691518e-08
3.199993535952557412e-08
3.200141793921423305e-08
3.200290051890289198e-08
3.200438309859155091e-08
3.200586567828020322e-08
3.200734825796886215e-08
3.200883083765752108e-08
3.201031341734618002e-08
3.201179599703483895e-08
3.201327857672349788e-08
3.201476115641215681e-08
3.201624373610081574e-08
3.201772631578947467e-08
3.201920889547813360e-08
3.202069147516678592e-08
3.202217405485544485e-08
3.202365663454410378e-08
3.202513921423276271e-08
3.202662179392142164e-08
3.202810437361008057e-08
3.202958695329873950e-08
3.203106953298739843e-08
3.203255211267605736e-08
3.203403469236471630e-08
3.203551727205336861e-08
3.203699985174202754e-08
3.203848243143068647e-08
3.203996501111934540e-08
3.204144759080800433e-08
3.204293017049666326e-08
3.204441275018532220e-08
3.204589532987398113e-08
3.204737790956264006e-08
3.204886048925129899e-08
3.205034306893995130e-08
3.205182564862861023e-08
3.205330822831726916e-08
3.205479080800592810e-08
3.205627338769458703e-08
3.205775596738324596e-08
3.205923854707190489e-08
3.206072112676056382e-08
3.206220370644922275e-08
3.206368628613788168e-08
3.206516886582653400e-08
3.206665144551519293e-08
3.206813402520385186e-08
3.206961660489251079e-08
3.207109918458116972e-08
3.207258176426982865e-08
3.207406434395848758e-08
3.207554692364714651e-08
3.207702950333580544e-08
3.207851208302446438e-08
3.207999466271311669e-08
3.208147724240177562e-08
3.208295982209043455e-08
3.208444240177909348e-08
3.208592498146775241e-08
3.208740756115641134e-08
3.208889014084507028e-08
3.209037272053372921e-08
3.209185530022238814e-08
3.209333787991104707e-08
3.209482045959969938e-08
3.209630303928835831e-08
3.209778561897701725e-08
3.209926819866567618e-08
3.210075077835433511e-08
3.210223335804299404e-08
3.210371593773165297e-08
3.210519851742031190e-08
3.210668109710897083e-08
3.210816367679762976e-08
3.210964625648628208e-08
3.211112883617494101e-08
3.211261141586359994e-08
3.211409399555225887e-08
3.211557657524091780e-08
3.211705915492957673e-08
3.211854173461823566e-08
3.212002431430689459e-08
3.212150689399555352e-08
3.212298947368421246e-08
3.212447205337286477e-08
3.212595463306152370e-08
3.212743721275018263e-08
3.212891979243884156e-08
3.213040237212750049e-08
3.213188495181615943e-08
3.213336753150481836e-08
3.213485011119347729e-08
3.213633269088213622e-08
3.213781527057079515e-08
3.213929785025944746e-08
3.214078042994810639e-08
3.214226300963676533e-08
3.214374558932542426e-08
3.214522816901408319e-08
3.214671074870274212e-08
3.214819332839140105e-08
3.214967590808005998e-08
3.215115848776871891e-08
3.215264106745737784e-08
3.215412364714603016e-08
3.215560622683468909e-08
3.215708880652334802e-08
3.215857138621200695e-08
3.216005396590066588e-08
3.216153654558932481e-08
3.216301912527798374e-08
3.216450170496664267e-08
3.216598428465530160e-08
3.216746686434395392e-08
3.216894944403261285e-08
3.217043202372127178e-08
3.217191460340993071e-08
3.217339718309858964e-08
3.217487976278724857e-08
3.217636234247590751e-08
3.217784492216456644e-08
3.217932750185322537e-08
3.218081008154188430e-08
3.218229266123053661e-08
3.218377524091919554e-08
3.218525782060785447e-08
3.218674040029651341e-08
3.218822297998517234e-08
3.218970555967383127e-08
3.219118813936249020e-08
3.219267071905114913e-08
3.219415329873980806e-08
3.219563587842846699e-08
3.219711845811711931e-08
3.219860103780577824e-08
3.220008361749443717e-08
3.220156619718309610e-08
3.220304877687175503e-08
3.220453135656041396e-08
3.220601393624907289e-08
3.220749651593773182e-08
3.220897909562639075e-08
3.221046167531504969e-08
3.221194425500370200e-08
3.221342683469236093e-08
3.221490941438101986e-08
3.221639199406967879e-08
3.221787457375833772e-08
3.221935715344699665e-08
3.222083973313565559e-08
3.222232231282431452e-08
3.222380489251297345e-08
3.222528747220163238e-08
3.222677005189028469e-08
3.222825263157894362e-08
3.222973521126760255e-08
3.223121779095626149e-08
3.223270037064492042e-08
3.223418295033357935e-08
3.223566553002223828e-08
3.223714810971089721e-08
3.223863068939955614e-08
3.224011326908821507e-08
3.224159584877686739e-08
3.224307842846552632e-08
3.224456100815418525e-08
3.224604358784284418e-08
3.224752616753150311e-08
3.224900874722016204e-08
3.225049132690882097e-08
3.225197390659747990e-08
3.225345648628613883e-08
3.225493906597479777e-08
3.225642164566345008e-08
3.225790422535210901e-08
3.225938680504076794e-08
3.226086938472942687e-08
3.226235196441808580e-08
3.226383454410674473e-08
3.226531712379540367e-08
3.226679970348406260e-08
3.226828228317272153e-08
3.226976486286138046e-08
3.227124744255003277e-08
3.227273002223869170e-08
3.227421260192735063e-08
3.227569518161600957e-08
3.227717776130466850e-08
3.227866034099332743e-08
3.228014292068198636e-08
3.228162550037064529e-08
3.228310808005930422e-08
3.228459065974796315e-08
3.228607323943661547e-08
3.228755581912527440e-08
3.228903839881393333e-08
3.229052097850259226e-08
3.229200355819125119e-08
3.229348613787991012e-08
3.229496871756856905e-08
3.229645129725722798e-08
3.229793387694588691e-08
3.229941645663454585e-08
3.230089903632319816e-08
3.230238161601185709e-08
3.230386419570051602e-08
3.230534677538917495e-08
3.230682935507783388e-08
3.230831193476649281e-08
3.230979451445515175e-08
3.231127709414381068e-08
3.231275967383246961e-08
3.231424225352112854e-08
3.231572483320978085e-08
3.231720741289843978e-08
3.231868999258709871e-08
3.232017257227575765e-08
3.232165515196441658e-08
3.232313773165307551e-08
3.232462031134173444e-08
3.232610289103039337e-08
3.232758547071905230e-08
3.232906805040770461e-08
3.233055063009636355e-08
3.233203320978502248e-08
3.233351578947368141e-08
3.233499836916234034e-08
3.233648094885099927e-08
3.233796352853965820e-08
3.233944610822831713e-08
3.234092868791697606e-08
3.234241126760563499e-08
3.234389384729429393e-08
3.234537642698294624e-08
3.234685900667160517e-08
3.234834158636026410e-08
3.234982416604892303e-08
3.235130674573758196e-08
3.235278932542624089e-08
3.235427190511489983e-08
3.235575448480355876e-08
3.235723706449221769e-08
3.235871964418087000e-08
3.236020222386952893e-08
3.236168480355818786e-08
3.236316738324684679e-08
3.236464996293550573e-08
3.236613254262416466e-08
3.236761512231282359e-08
3.236909770200148252e-08
3.237058028169014145e-08
3.237206286137880038e-08
3.237354544106745269e-08
3.237502802075611163e-08
3.237651060044477056e-08
3.237799318013342949e-08
3.237947575982208842e-08
3.238095833951074735e-08
3.238244091919940628e-08
3.238392349888806521e-08
3.238540607857672414e-08
3.238688865826538307e-08
3.238837123795403539e-08
3.238985381764269432e-08
3.239133639733135325e-08
3.239281897702001218e-08
3.239430155670867111e-08
3.239578413639733004e-08
3.239726671608598897e-08
3.239874929577464791e-08
3.240023187546330684e-08
3.240171445515196577e-08
3.240319703484061808e-08
3.240467961452927701e-08
3.240616219421793594e-08
3.240764477390659487e-08
3.240912735359525381e-08
3.241060993328391274e-08
3.241209251297257167e-08
3.241357509266123060e-08
3.241505767234988953e-08
3.241654025203854846e-08
3.241802283172720077e-08
3.241950541141585971e-08
3.242098799110451864e-08
3.242247057079317757e-08
3.242395315048183650e-08
3.242543573017049543e-08
3.242691830985915436e-08
3.242840088954781329e-08
3.242988346923647222e-08
3.243136604892513115e-08
3.243284862861378347e-08
3.243433120830244240e-08
3.243581378799110133e-08
3.243729636767976026e-08
3.243877894736841919e-08
3.244026152705707812e-08
3.244174410674573705e-08
3.244322668643439599e-08
3.244470926612305492e-08
3.244619184581171385e-08
3.244767442550036616e-08
3.244915700518902509e-08
3.245063958487768402e-08
3.245212216456634295e-08
3.245360474425500189e-08
3.245508732394366082e-08
3.245656990363231975e-08
3.245805248332097868e-08
3.245953506300963761e-08
3.246101764269829654e-08
3.246250022238694885e-08
3.246398280207560779e-08
3.246546538176426672e-08
3.246694796145292565e-08
3.246843054114158458e-08
3.246991312083024351e-08
3.247139570051890244e-08
3.247287828020756137e-08
3.247436085989622030e-08
3.247584343958487923e-08
3.247732601927353155e-08
3.247880859896219048e-08
3.248029117865084941e-08
3.248177375833950834e-08
3.248325633802816727e-08
3.248473891771682620e-08
3.248622149740548513e-08
3.248770407709414407e-08
3.248918665678280300e-08
3.249066923647146193e-08
3.249215181616011424e-08
3.249363439584877317e-08
3.249511697553743210e-08
3.249659955522609103e-08
3.249808213491474997e-08
3.249956471460340890e-08
3.250104729429206783e-08
3.250252987398072676e-08
3.250401245366938569e-08
3.250549503335804462e-08
3.250697761304669694e-08
3.250846019273535587e-08
3.250994277242401480e-08
3.251142535211267373e-08
3.251290793180133266e-08
3.251439051148999159e-08
3.251587309117865052e-08
3.251735567086730945e-08
3.251883825055596838e-08
3.252032083024462070e-08
3.252180340993327963e-08
3.252328598962193856e-08
3.252476856931059749e-08
3.252625114899925642e-08
3.252773372868791535e-08
3.252921630837657428e-08
3.253069888806523321e-08
3.253218146775389215e-08
3.253366404744255108e-08
3.253514662713121001e-08
3.253662920681986232e-08
3.253811178650852125e-08
3.253959436619718018e-08
3.254107694588583912e-08
3.254255952557449805e-08
3.254404210526315698e-08
3.254552468495181591e-08
3.254700726464047484e-08
3.254848984432913377e-08
3.254997242401778608e-08
3.255145500370644502e-08
3.255293758339510395e-08
3.255442016308376288e-08
3.255590274277242181e-08
3.255738532246108074e-08
3.255886790214973967e-08
3.256035048183839860e-08
3.256183306152705753e-08
3.256331564121571646e-08
3.256479822090436878e-08
3.256628080059302771e-08
3.256776338028168664e-08
3.256924595997034557e-08
3.257072853965900450e-08
3.257221111934766343e-08
3.257369369903632236e-08
3.257517627872498130e-08
3.257665885841364023e-08
3.257814143810229916e-08
3.257962401779095147e-08
3.258110659747961040e-08
3.258258917716826933e-08
3.258407175685692826e-08
3.258555433654558720e-08
3.258703691623424613e-08
3.258851949592290506e-08
3.259000207561156399e-08
3.259148465530022292e-08
3.259296723498888185e-08
3.259444981467753416e-08
3.259593239436619310e-08
3.259741497405485203e-08
3.259889755374351096e-08
3.260038013343216989e-08
3.260186271312082882e-08
3.260334529280948775e-08
3.260482787249814668e-08
3.260631045218680561e-08
3.260779303187546454e-08
3.260927561156411686e-08
3.261075819125277579e-08
3.261224077094143472e-08
3.261372335063009365e-08
3.261520593031875258e-08
3.261668851000741151e-08
3.261817108969607044e-08
3.261965366938472938e-08
3.262113624907338831e-08
3.262261882876204724e-08
3.262410140845069955e-08
3.262558398813935848e-08
3.262706656782801741e-08
3.262854914751667634e-08
3.263003172720533528e-08
3.263151430689399421e-08
3.263299688658265314e-08
3.263447946627131207e-08
3.263596204595997100e-08
3.263744462564862993e-08
3.263892720533728224e-08
3.264040978502594118e-08
3.264189236471460011e-08
3.264337494440325904e-08
3.264485752409191797e-08
3.264634010378057690e-08
3.264782268346923583e-08
3.264930526315789476e-08
3.265078784284655369e-08
3.265227042253521262e-08
3.265375300222386494e-08
3.265523558191252387e-08
3.265671816160118280e-08
3.265820074128984173e-08
3.265968332097850066e-08
3.266116590066715959e-08
3.266264848035581852e-08
3.266413106004447746e-08
3.266561363973313639e-08
3.266709621942179532e-08
3.266857879911044763e-08
3.267006137879910656e-08
3.267154395848776549e-08
3.267302653817642442e-08
3.267450911786508336e-08
3.267599169755374229e-08
3.267747427724240122e-08
3.267895685693106015e-08
3.268043943661971908e-08
3.268192201630837801e-08
3.268340459599703032e-08
3.268488717568568926e-08
3.268636975537434819e-08
3.268785233506300712e-08
3.268933491475166605e-08
3.269081749444032498e-08
3.269230007412898391e-08
3.269378265381764284e-08
3.269526523350630177e-08
3.269674781319496070e-08
3.269823039288361302e-08
3.269971297257227195e-08
3.270119555226093088e-08
3.270267813194958981e-08
3.270416071163824874e-08
3.270564329132690767e-08
3.270712587101556660e-08
3.270860845070422554e-08
3.271009103039288447e-08
3.271157361008153678e-08
3.271305618977019571e-08
3.271453876945885464e-08
3.271602134914751357e-08
3.271750392883617250e-08
3.271898650852483144e-08
3.272046908821349037e-08
3.272195166790214930e-08
3.272343424759080823e-08
3.272491682727946716e-08
3.272639940696811947e-08
3.272788198665677840e-08
3.272936456634543734e-08
3.273084714603409627e-08
3.273232972572275520e-08
3.273381230541141413e-08
3.273529488510007306e-08
3.273677746478873199e-08
3.273826004447739092e-08
3.273974262416604985e-08
3.274122520385470217e-08
3.274270778354336110e-08
3.274419036323202003e-08
3.274567294292067896e-08
3.274715552260933789e-08
3.274863810229799682e-08
3.275012068198665575e-08
3.275160326167531468e-08
3.275308584136397362e-08
3.275456842105263255e-08
3.275605100074128486e-08
3.275753358042994379e-08
3.275901616011860272e-08
3.276049873980726165e-08
3.276198131949592058e-08
3.276346389918457952e-08
3.276494647887323845e-08
3.276642905856189738e-08
3.276791163825055631e-08
3.276939421793921524e-08
3.277087679762786755e-08
3.277235937731652648e-08
3.277384195700518542e-08
3.277532453669384435e-08
3.277680711638250328e-08
3.277828969607116221e-08
3.277977227575982114e-08
3.278125485544848007e-08
3.278273743513713900e-08
3.278422001482579793e-08
3.278570259451445025e-08
3.278718517420310918e-08
3.278866775389176811e-08
3.279015033358042704e-08
3.279163291326908597e-08
3.279311549295774490e-08
3.279459807264640383e-08
3.279608065233506276e-08
3.279756323202372170e-08
3.279904581171238063e-08
3.280052839140103294e-08
3.280201097108969187e-08
3.280349355077835080e-08
3.280497613046700973e-08
3.280645871015566866e-08
3.280794128984432760e-08
3.280942386953298653e-08
3.281090644922164546e-08
3.281238902891030439e-08
3.281387160859896332e-08
3.281535418828761563e-08
3.281683676797627456e-08
3.281831934766493350e-08
3.281980192735359243e-08
3.282128450704225136e-08
3.282276708673091029e-08
3.282424966641956922e-08
3.282573224610822815e-08
3.282721482579688708e-08
3.282869740548554601e-08
3.283017998517419833e-08
3.283166256486285726e-08
3.283314514455151619e-08
3.283462772424017512e-08
3.283611030392883405e-08
3.283759288361749298e-08
3.283907546330615191e-08
3.284055804299481084e-08
3.284204062268346978e-08
3.284352320237212871e-08
3.284500578206078102e-08
3.284648836174943995e-08
3.284797094143809888e-08
3.284945352112675781e-08
3.285093610081541674e-08
3.285241868050407568e-08
3.285390126019273461e-08
3.285538383988139354e-08
3.285686641957005247e-08
3.285834899925871140e-08
3.285983157894736371e-08
3.286131415863602264e-08
3.286279673832468158e-08
3.286427931801334051e-08
3.286576189770199944e-08
3.286724447739065837e-08
3.286872705707931730e-08
3.287020963676797623e-08
3.287169221645663516e-08
3.287317479614528748e-08
3.287465737583394641e-08
3.287613995552260534e-08
3.287762253521126427e-08
3.287910511489992320e-08
3.288058769458858213e-08
3.288207027427724106e-08
3.288355285396589999e-08
3.288503543365455892e-08
3.288651801334321786e-08
3.288800059303187679e-08
3.288948317272052910e-08
3.289096575240918803e-08
3.289244833209784696e-08
3.289393091178650589e-08
3.289541349147516482e-08
3.289689607116382376e-08
3.289837865085248269e-08
3.289986123054114162e-08
3.290134381022980055e-08
3.290282638991845286e-08
3.290430896960711179e-08
3.290579154929577073e-08
3.290727412898442966e-08
3.290875670867308859e-08
3.291023928836174752e-08
3.291172186805040645e-08
3.291320444773906538e-08
3.291468702742772431e-08
3.291616960711638324e-08
3.291765218680503556e-08
3.291913476649369449e-08
3.292061734618235342e-08
3.292209992587101235e-08
3.292358250555967128e-08
3.292506508524833021e-08
3.292654766493698914e-08
3.292803024462564807e-08
3.292951282431430700e-08
3.293099540400296594e-08
3.293247798369161825e-08
3.293396056338027718e-08
3.293544314306893611e-08
3.293692572275759504e-08
3.293840830244625397e-08
3.293989088213491291e-08
3.294137346182357184e-08
3.294285604151223077e-08
3.294433862120088970e-08
3.294582120088954863e-08
3.294730378057820094e-08
3.294878636026685987e-08
3.295026893995551881e-08
3.295175151964417774e-08
3.295323409933283667e-08
3.295471667902149560e-08
3.295619925871015453e-08
3.295768183839881346e-08
3.295916441808747239e-08
3.296064699777613132e-08
3.296212957746478364e-08
3.296361215715344257e-08
3.296509473684210150e-08
3.296657731653076043e-08
3.296805989621941936e-08
3.296954247590807829e-08
3.297102505559673722e-08
3.297250763528539615e-08
3.297399021497405509e-08
3.297547279466271402e-08
3.297695537435136633e-08
3.297843795404002526e-08
3.297992053372868419e-08
3.298140311341734312e-08
3.298288569310600205e-08
3.298436827279466099e-08
3.298585085248331992e-08
3.298733343217197885e-08
3.298881601186063778e-08
3.299029859154929671e-08
3.299178117123794902e-08
3.299326375092660795e-08
3.299474633061526689e-08
3.299622891030392582e-08
3.299771148999258475e-08
3.299919406968124368e-08
3.300067664936990261e-08
3.300215922905856154e-08
3.300364180874722047e-08
3.300512438843587940e-08
3.300660696812453172e-08
3.300808954781319065e-08
3.300957212750184958e-08
3.301105470719050851e-08
3.301253728687916744e-08
3.301401986656782637e-08
3.301550244625648530e-08
3.301698502594514423e-08
3.301846760563380317e-08
3.301995018532246210e-08
3.302143276501111441e-08
3.302291534469977334e-08
3.302439792438843227e-08
3.302588050407709120e-08
3.302736308376575013e-08
3.302884566345440907e-08
3.303032824314306800e-08
3.303181082283172693e-08
3.303329340252038586e-08
3.303477598220903817e-08
3.303625856189769710e-08
3.303774114158635603e-08
3.303922372127501497e-08
3.304070630096367390e-08
3.304218888065233283e-08
3.304367146034099176e-08
3.304515404002965069e-08
3.304663661971830962e-08
3.304811919940696855e-08
3.304960177909562748e-08
3.305108435878427980e-08
3.305256693847293873e-08
3.305404951816159766e-08
3.305553209785025659e-08
3.305701467753891552e-08
3.305849725722757445e-08
3.305997983691623338e-08
3.306146241660489231e-08
3.306294499629355125e-08
3.306442757598220356e-08
3.306591015567086249e-08
3.306739273535952142e-08
3.306887531504818035e-08
3.307035789473683928e-08
3.307184047442549821e-08
3.307332305411415715e-08
3.307480563380281608e-08
3.307628821349147501e-08
3.307777079318013394e-08
3.307925337286879287e-08
3.308073595255744518e-08
3.308221853224610411e-08
3.308370111193476305e-08
3.308518369162342198e-08
3.308666627131208091e-08
3.308814885100073984e-08
3.308963143068939877e-08
3.309111401037805770e-08
3.309259659006671663e-08
3.309407916975536895e-08
3.309556174944402788e-08
3.309704432913268681e-08
3.309852690882134574e-08
3.310000948851000467e-08
3.310149206819866360e-08
3.310297464788732253e-08
3.310445722757598146e-08
3.310593980726464039e-08
3.310742238695329933e-08
3.310890496664195164e-08
3.311038754633061057e-08
3.311187012601926950e-08
3.311335270570792843e-08
3.311483528539658736e-08
3.311631786508524629e-08
3.311780044477390523e-08
3.311928302446256416e-08
3.312076560415122309e-08
3.312224818383988202e-08
3.312373076352853433e-08
3.312521334321719326e-08
3.312669592290585219e-08
3.312817850259451113e-08
3.312966108228317006e-08
3.313114366197182899e-08
3.313262624166048792e-08
3.313410882134914685e-08
3.313559140103780578e-08
3.313707398072646471e-08
3.313855656041511703e-08
3.314003914010377596e-08
3.314152171979243489e-08
3.314300429948109382e-08
3.314448687916975275e-08
3.314596945885841168e-08
3.314745203854707061e-08
3.314893461823572954e-08
3.315041719792438847e-08
3.315189977761304741e-08
3.315338235730169972e-08
3.315486493699035865e-08
3.315634751667901758e-08
3.315783009636767651e-08
3.315931267605633544e-08
3.316079525574499437e-08
3.316227783543365331e-08
3.316376041512231224e-08
3.316524299481097117e-08
3.316672557449963010e-08
3.316820815418828241e-08
3.316969073387694134e-08
3.317117331356560027e-08
3.317265589325425921e-08
3.317413847294291814e-08
3.317562105263157707e-08
3.317710363232023600e-08
3.317858621200889493e-08
3.318006879169755386e-08
3.318155137138621279e-08
3.318303395107486511e-08
3.318451653076352404e-08
3.318599911045218297e-08
3.318748169014084190e-08
3.318896426982950083e-08
3.319044684951815976e-08
3.319192942920681869e-08
3.319341200889547762e-08
3.319489458858413655e-08
3.319637716827279549e-08
3.319785974796144780e-08
3.319934232765010673e-08
3.320082490733876566e-08
3.320230748702742459e-08
3.320379006671608352e-08
3.320527264640474245e-08
3.320675522609340139e-08
3.320823780578206032e-08
3.320972038547071925e-08
3.321120296515937818e-08
3.321268554484803049e-08
3.321416812453668942e-08
3.321565070422534835e-08
3.321713328391400729e-08
3.321861586360266622e-08
3.322009844329132515e-08
3.322158102297998408e-08
3.322306360266864301e-08
3.322454618235730194e-08
3.322602876204595425e-08
3.322751134173461319e-08
3.322899392142327212e-08
3.323047650111193105e-08
3.323195908080058998e-08
3.323344166048924891e-08
3.323492424017790784e-08
3.323640681986656677e-08
3.323788939955522570e-08
3.323937197924388463e-08
3.324085455893254357e-08
3.324233713862119588e-08
3.324381971830985481e-08
3.324530229799851374e-08
3.324678487768717267e-08
3.324826745737583160e-08
3.324975003706449053e-08
3.325123261675314947e-08
3.325271519644180840e-08
3.325419777613046733e-08
3.325568035581911964e-08
3.325716293550777857e-08
3.325864551519643750e-08
3.326012809488509643e-08
3.326161067457375537e-08
3.326309325426241430e-08
3.326457583395107323e-08
3.326605841363973216e-08
3.326754099332839109e-08
3.326902357301705002e-08
3.327050615270570233e-08
3.327198873239436127e-08
3.327347131208302020e-08
3.327495389177167913e-08
3.327643647146033806e-08
3.327791905114899699e-08
3.327940163083765592e-08
3.328088421052631485e-08
3.328236679021497378e-08
3.328384936990363271e-08
3.328533194959228503e-08
3.328681452928094396e-08
3.328829710896960289e-08
3.328977968865826182e-08
3.329126226834692075e-08
3.329274484803557968e-08
3.329422742772423861e-08
3.329571000741289755e-08
3.329719258710155648e-08
3.329867516679021541e-08
3.330015774647886772e-08
3.330164032616752665e-08
3.330312290585618558e-08
3.330460548554484451e-08
3.330608806523350345e-08
3.330757064492216238e-08
3.330905322461082131e-08
3.331053580429948024e-08
3.331201838398813917e-08
3.331350096367679810e-08
3.331498354336545042e-08
3.331646612305410935e-08
3.331794870274276828e-08
3.331943128243142721e-08
3.332091386212008614e-08
3.332239644180874507e-08
3.332387902149740400e-08
3.332536160118606293e-08
3.332684418087472186e-08
3.332832676056338079e-08
3.332980934025203311e-08
3.333129191994069204e-08
3.333277449962935097e-08
3.333425707931800990e-08
3.333573965900666883e-08
3.333722223869532776e-08
3.333870481838398669e-08
3.334018739807264563e-08
3.334166997776130456e-08
3.334315255744996349e-08
3.334463513713861580e-08
3.334611771682727473e-08
3.334760029651593366e-08
3.334908287620459260e-08
3.335056545589325153e-08
3.335204803558191046e-08
3.335353061527056939e-08
3.335501319495922832e-08
3.335649577464788725e-08
3.335797835433654618e-08
3.335946093402519850e-08
3.336094351371385743e-08
3.336242609340251636e-08
3.336390867309117529e-08
3.336539125277983422e-08
3.336687383246849315e-08
3.336835641215715208e-08
3.336983899184581101e-08
3.337132157153446994e-08
3.337280415122312887e-08
3.337428673091178119e-08
3.337576931060044012e-08
3.337725189028909905e-08
3.337873446997775798e-08
3.338021704966641691e-08
3.338169962935507584e-08
3.338318220904373478e-08
3.338466478873239371e-08
3.338614736842105264e-08
3.338762994810970495e-08
3.338911252779836388e-08
3.339059510748702281e-08
3.339207768717568174e-08
3.339356026686434068e-08
3.339504284655299961e-08
3.339652542624165854e-08
3.339800800593031747e-08
3.339949058561897640e-08
3.340097316530763533e-08
3.340245574499629426e-08
3.340393832468494658e-08
3.340542090437360551e-08
3.340690348406226444e-08
3.340838606375092337e-08
3.340986864343958230e-08
3.341135122312824123e-08
3.341283380281690016e-08
3.341431638250555909e-08
3.341579896219421802e-08
3.341728154188287034e-08
3.341876412157152927e-08
3.342024670126018820e-08
3.342172928094884713e-08
3.342321186063750606e-08
3.342469444032616499e-08
3.342617702001482392e-08
3.342765959970348286e-08
3.342914217939214179e-08
3.343062475908080072e-08
3.343210733876945965e-08
3.343358991845811196e-08
3.343507249814677089e-08
3.343655507783542982e-08
3.343803765752408876e-08
3.343952023721274769e-08
3.344100281690140662e-08
3.344248539659006555e-08
3.344396797627872448e-08
3.344545055596738341e-08
3.344693313565603572e-08
3.344841571534469466e-08
3.344989829503335359e-08
3.345138087472201252e-08
3.345286345441067145e-08
3.345434603409933038e-08
3.345582861378798931e-08
3.345731119347664824e-08
3.345879377316530717e-08
3.346027635285396610e-08
3.346175893254261842e-08
3.346324151223127735e-08
3.346472409191993628e-08
3.346620667160859521e-08
3.346768925129725414e-08
3.346917183098591307e-08
3.347065441067457200e-08
3.347213699036323094e-08
3.347361957005188987e-08
3.347510214974054880e-08
3.347658472942920111e-08
3.347806730911786004e-08
3.347954988880651897e-08
3.348103246849517790e-08
3.348251504818383684e-08
3.348399762787249577e-08
3.348548020756115470e-08
3.348696278724981363e-08
3.348844536693847256e-08
3.348992794662713149e-08
3.349141052631578380e-08
3.349289310600444274e-08
3.349437568569310167e-08
3.349585826538176060e-08
3.349734084507041953e-08
3.349882342475907846e-08
3.350030600444773739e-08
3.350178858413639632e-08
3.350327116382505525e-08
3.350475374351371418e-08
3.350623632320236650e-08
3.350771890289102543e-08
3.350920148257968436e-08
3.351068406226834329e-08
3.351216664195700222e-08
3.351364922164566115e-08
3.351513180133432008e-08
3.351661438102297902e-08
3.351809696071163795e-08
3.351957954040029688e-08
3.352106212008894919e-08
3.352254469977760812e-08
3.352402727946626705e-08
3.352550985915492598e-08
3.352699243884358492e-08
3.352847501853224385e-08
3.352995759822090278e-08
3.353144017790956171e-08
3.353292275759822064e-08
3.353440533728687957e-08
3.353588791697553188e-08
3.353737049666419082e-08
3.353885307635284975e-08
3.354033565604150868e-08
3.354181823573016761e-08
3.354330081541882654e-08
3.354478339510748547e-08
3.354626597479614440e-08
3.354774855448480333e-08
3.354923113417346226e-08
3.355071371386211458e-08
3.355219629355077351e-08
3.355367887323943244e-08
3.355516145292809137e-08
3.355664403261675030e-08
3.355812661230540923e-08
3.355960919199406816e-08
3.356109177168272710e-08
3.356257435137138603e-08
3.356405693106004496e-08
3.356553951074869727e-08
3.356702209043735620e-08
3.356850467012601513e-08
3.356998724981467406e-08
3.357146982950333300e-08
3.357295240919199193e-08
3.357443498888065086e-08
3.357591756856930979e-08
3.357740014825796872e-08
3.357888272794662103e-08
3.358036530763527996e-08
3.358184788732393890e-08
3.358333046701259783e-08
3.358481304670125676e-08
3.358629562638991569e-08
3.358777820607857462e-08
3.358926078576723355e-08
3.359074336545589248e-08
3.359222594514455141e-08
3.359370852483321034e-08
3.359519110452186266e-08
3.359667368421052159e-08
3.359815626389918052e-08
3.359963884358783945e-08
3.360112142327649838e-08
3.360260400296515731e-08
3.360408658265381624e-08
3.360556916234247518e-08
3.360705174203113411e-08
3.360853432171978642e-08
3.361001690140844535e-08
3.361149948109710428e-08
3.361298206078576321e-08
3.361446464047442214e-08
3.361594722016308108e-08
3.361742979985174001e-08
3.361891237954039894e-08
3.362039495922905787e-08
3.362187753891771680e-08
3.362336011860636911e-08
3.362484269829502804e-08
3.362632527798368698e-08
3.362780785767234591e-08
3.362929043736100484e-08
3.363077301704966377e-08
3.363225559673832270e-08
3.363373817642698163e-08
3.363522075611564056e-08
3.363670333580429949e-08
3.363818591549295181e-08
3.363966849518161074e-08
3.364115107487026967e-08
3.364263365455892860e-08
3.364411623424758753e-08
3.364559881393624646e-08
3.364708139362490539e-08
3.364856397331356432e-08
3.365004655300222326e-08
3.365152913269088219e-08
3.365301171237953450e-08
3.365449429206819343e-08
3.365597687175685236e-08
3.365745945144551129e-08
3.365894203113417022e-08
3.366042461082282916e-08
3.366190719051148809e-08
3.366338977020014702e-08
3.366487234988880595e-08
3.366635492957746488e-08
3.366783750926611719e-08
3.366932008895477612e-08
3.367080266864343506e-08
3.367228524833209399e-08
3.367376782802075292e-08
3.367525040770941185e-08
3.367673298739807078e-08
3.367821556708672971e-08
3.367969814677538864e-08
3.368118072646404757e-08
3.368266330615269989e-08
3.368414588584135882e-08
3.368562846553001775e-08
3.368711104521867668e-08
3.368859362490733561e-08
3.369007620459599454e-08
3.369155878428465347e-08
3.369304136397331240e-08
3.369452394366197134e-08
3.369600652335063027e-08
3.369748910303928258e-08
3.369897168272794151e-08
3.370045426241660044e-08
3.370193684210525937e-08
3.370341942179391830e-08
3.370490200148257724e-08
3.370638458117123617e-08
3.370786716085989510e-08
3.370934974054855403e-08
3.371083232023721296e-08
3.371231489992586527e-08
3.371379747961452421e-08
3.371528005930318314e-08
3.371676263899184207e-08
3.371824521868050100e-08
3.371972779836915993e-08
3.372121037805781886e-08
3.372269295774647779e-08
3.372417553743513672e-08
3.372565811712379565e-08
3.372714069681244797e-08
3.372862327650110690e-08
3.373010585618976583e-08
3.373158843587842476e-08
3.373307101556708369e-08
3.373455359525574262e-08
3.373603617494440155e-08
3.373751875463306048e-08
3.373900133432171942e-08
3.374048391401037173e-08
3.374196649369903066e-08
3.374344907338768959e-08
3.374493165307634852e-08
3.374641423276500745e-08
3.374789681245366639e-08
3.374937939214232532e-08
3.375086197183098425e-08
3.375234455151964318e-08
3.375382713120830211e-08
3.375530971089696104e-08
3.375679229058561335e-08
3.375827487027427229e-08
3.375975744996293122e-08
3.376124002965159015e-08
3.376272260934024908e-08
3.376420518902890801e-08
3.376568776871756694e-08
3.376717034840622587e-08
3.376865292809488480e-08
3.377013550778353712e-08
3.377161808747219605e-08
3.377310066716085498e-08
3.377458324684951391e-08
3.377606582653817284e-08
3.377754840622683177e-08
3.377903098591549070e-08
3.378051356560414963e-08
3.378199614529280857e-08
3.378347872498146750e-08
3.378496130467012643e-08
3.378644388435877874e-08
3.378792646404743767e-08
3.378940904373609660e-08
3.379089162342475553e-08
3.379237420311341447e-08
3.379385678280207340e-08
3.379533936249073233e-08
3.379682194217939126e-08
3.379830452186805019e-08
3.379978710155670250e-08
3.380126968124536143e-08
3.380275226093402037e-08
3.380423484062267930e-08
3.380571742031133823e-08
3.380719999999999716e-08
